0000000000000000000
0000000110000001010
0000001110000001100
0000100110000101010
0000001110000010000
0000001110000010010
0000010110000010100
0000001010000010110
0000010110000011000
0000001110000011010
0001010010001010100
0011001110001011010
0000011110000100000
0000010010000100010
0000100010001101100
0000010010000100110
0000101010001111000
0011001010001010100
0000101010000101100
0001110010000101110
0000101110000110000
0000011010000110010
0000110110000110100
0000010110000100100
0000110110000111000
0010101010000111010
0000111010000111100
0001000010000111110
0000011110000100000
0000100010011000110
0001000010001000100
0011001110011010010
0000100110000100100
0000100110001001010
0001001010001001100
0000100110001001110
0000101010001111000
0000101010001010010
0011100110001010100
0110000010001010110
0000101010000101100
0100001010001011010
0010100010000101110
0001011010001011110
0000101110000110000
0111100110001100010
0100101110000101000
0100110110001100110
0000110010000110100
0001100110001101010
0001011110001001000
0010110110001101110
0000111010010101000
0000111010001110010
0111101110000111010
0000111010001110110
0010110010010110100
0010110110001111010
0100111010000111110
0001101110001010100
0000111110001000000
0000100010001000010
0001000110001000100
0111000110110100100
0010000010001100000
0000100110001001010
0001001010001001100
0001010010011101010
0001001110001010000
0101110010001010010
0001010110011111100
0000101010001010110
0100110110000101100
0010011110001111000
0100010110001011100
0000101110001011110
0110110010000110000
0000110010001100010
0000100010001010000
0011111110001100110
0000110010000110100
0111011110001101010
0000100010000110000
0100010010001101110
0110101110001110000
0000111010001110010
0000011110000111010
0100100110001110110
0000111010000111100
0001110110001111010
0010000010001111100
0001101110001010100
0000111110001000000
0000100010001000010
0101010110011001100
0010000110010001100
0001000110001001000
0000100110001001010
0001001110001001100
0000100110001001110
0110001110011110000
0000101010001010010
0110100110011111100
0000101010001010110
0001010110001011000
0100101010000111100
0001011010001011100
0001100011101001110
0010001110000110000
0000011010000011100
0000100010001010000
0000110010001100110
0101101110001101000
0001101111110111010
0011111110001100000
0000110110001101110
0000111010001110000
0000111010001110010
0001110010001110100
0001011010101100010
0000111110001111000
0001110111001100010
0101110010001111100
0011100010110100100
0000111110001000000
0000100010001000010
0101010110010001000
0110100010110100100
0111111010011011000
1011011110110111100
1000010010111001000
0101101010111010100
0001001110001010000
0000110110010100100
0011111110111111000
0100011110010101100
0001010110001011000
0000111010100101100
0001011010001011100
0100111010010111100
0001011110001100000
0000011010000011100
0011011110011110000
1101110110011001100
0001100110001101000
0001100110011010100
1110000110011000000
1000000010011011100
0001110010101010000
1001110010011100100
1000011110011101000
0101100110011101100
1010010110001111000
1011010110011110100
1011101110011111000
0011111110010101000
0000111110001000000
0001000010010000010
0001010110100001000
0001000010010000110
1110111010110011000
0001000110010001010
0111010010100011000
1011001010010001110
1010100010111100000
0001001010010010010
0010001110110111100
0010001110001111000
0001001010010011000
0001001110111001110
0011111110011101010
0001001110010011110
0001001110001010000
0000111110001100000
0011100011110000110
0001010010010100110
0111110110101010000
0001010110010101010
0000101010001010110
0001010110010101110
0001011010010110000
0001011010010110010
0101000010001111000
0010110010010110110
1010000110010111000
0001011110010111010
0000101110001011110
0001011110010111110
1000001110111100000
