000000000000000000000000
001000000000000000000011
000000000000001010011000
000000000000001001001001
001000000000000000000111
000000000000001010011000
000000000000001001001001
001000000000000000000101
000000000000001010011000
000000000000000000000000
001000000000000000000111
000000000000001010011000
000000000000001001001001
001000000000000000000111
000000000000001010011000
000000000000001001001001
001000000000000000001011
000000000000001010011000
000000000000001001001001
001000000000000000000101
000000000000011010001000
000000000000001001001001
001000000000000000001011
000000000000001010011000
000000000000001001001001
001000000000000000000111
000000000000001010011000
000000000000001001001001
001000000000000000001101
000000000000011010001000
000000000000000000000000
001000000000000000001101
000000000000001010011000
000000000000010010010010
001000000000000000001111
000000000000001010011000
000000000000001001001001
001000000000000000001001
000000000000011010001000
000000000000001001001001
001000000000000000010001
000000000000011010001000
000000000000011011011011
001000000000000000001001
000000000000011010001000
000000000000001001001001
001000000000000000010101
000000000000011010001000
000000000000011011011011
000000000000000000010001
000000000000011010001000
000000000000000000000000
001000000000000000010101
000000000000011010001000
000000000000001001001001
001000000000000000001011
000000000000011010001000
000000000000010010010010
001000000000000000010111
000000000000001010011000
000000000000001001001001
001000000000000000001101
000000000000011010001000
000000000000001001001001
001000000000000000011011
000000000000001010011000
000000000000001001001001
000100000100100000101111
000000000000001010011000
000000000000000000000000
001000000000000000011011
000000000000001010011000
000000000000001001001001
001000000000000000011011
000000000000011010001000
000000000000010010010010
001000000000000000011101
000000000000011010001000
000000000000001001001001
001000000000000000100001
000000000000011010001000
000000000000001001001001
000100000000000000101111
000000000000001010011000
000000000000000000000000
001000000000000000010001
000000000000011010001000
000000000000011011011011
001000000000000000100001
000000000000011010001000
000000000000001001001001
001000000000000000100001
000000000000001010011000
000000000000000000000000
000100000000000000110111
000000000000001010011000
000000000000000000000000
001000000000000000010011
000000000000001010011000
000000000000001001001001
001000000000000000100101
000000000000011010001000
000000000000001001001001
001000000000000000010011
000000000000001010011000
000000000000001001001001
001100000000000000111101
000000000000011010001000
000000000000001001001001
001000000000000000010101
000000000000011010001000
000000000000001001001001
001000000000000000011111
000000000000001010011000
000000000000010010010010
001000000000000000010101
000000000000011010001000
000000000000011011011011
000100000000000001000001
000000000000011010001000
000000000000000000000000
001000000000000000101011
000000000000011010001000
000000000000010010010010
000100000000000000100011
000000000000011010001000
000000000000001001001001
001000000000000000101101
000000000000011010001000
000000000000001001001001
000100000000000001000111
000000000000001010011000
000000000000000000000000
001000000000000000101111
000000000000001010011000
000000000000011011011011
000000010100000001011011
000000000000001010011000
000000000000001001001001
001000000000000000110101
000000000000001010011000
000000000000010010010010
000100000000000001001101
000000000000011010001000
000000000000000000000000
001000000000000000110011
000000000000001010011000
000000000000001001001001
000100001001000000001011
000000000000001010011000
000000000000001001001001
001000000000000001011011
000000000000001010011000
000000000000001001001001
001100000000000001010101
000000000000011010001000
000000000000001001001001
001000000000000000011101
000000000000011010001000
000000000000001001001001
000100000000000001001001
000000000000001010011000
000000000000010010010010
001000000000000000011101
000000000000011010001000
000000000000001001001001
001100000000000000011101
000000000000011010001000
000000000000010010010010
001000000000000001011011
000000000000001010011000
000000000000001001001001
000100000000000001011111
000000000000011010001000
000000000000001001001001
000100001010100000001101
000000000000001010011000
000000000000001001001001
000100000000000001011111
000000000000001010011000
000000000000000000000000
000100000000000001010011
000000000000011010001000
000000000000000000000000
000100000000000001100111
000000000000001010011000
000000000000000000000000
001000000000000001010111
000000000000001010011000
000000000000000000000000
000100001100000000010001
000000000000011010001000
000000000000001001001001
000100000000000001011101
000000000000001010011000
000000000000000000000000
000100000000000001110001
000000000000011010001000
000000000000000000000000
001100000000000001110111
000000000000011010001000
000000000000001001001001
000100000000000001110111
000000000000001010011000
000000000000000000000000
000100000000000001100111
000000000000011010001000
000000000000001001001001
001100000000000001111111
000000000000001010011000
000000000000001001001001
000100000000000001101011
000000000000011010001000
000000000000000000000000
000000010110000000010111
000000000000001010011000
000000000000001001001001
000100001111000000010011
000000000000001010011000
000000000000001001001001
000100000000000000101111
000000000000001010011000
000000000000001001001001
000100000000000001110101
000000000000001010011000
000000000000000000000000
000000011000000001001001
000000000000011010001000
000000000000001001001001
000100000000000001111011
000000000000011010001000
000000000000000000000000
000000101000000001100001
000000000000011010001000
000000000000000000000000
000100000000000000011001
000000000000001010011000
000000000000001001001001
000000011010000001001101
000000000000011010001000
000000000000000000000000
000100000000000010000101
000000000000001010011000
000000000000001001001001
000000011000000001000001
000000000000011010001000
000000000000000000000000
000100000000000000011011
000000000000011010001000
000000000000001001001001
000100000000000001100111
000000000000001010011000
000000000000001001001001
000100000000000010001111
000000000000011010001000
000000000000000000000000
000000011101000001001001
000000000000001010011000
000000000000000000000000
000100000000000000011101
000000000000001010011000
000000000000001001001001
000000011110000001011001
000000000000011010001000
000000000000000000000000
000100000000000010110101
000000000000001010011000
000000000000000000000000
000100000000000010111101
000000000000011010001000
000000000000000000000000
000000101010000010001011
000000000000001010011000
000000000000000000000000
000000100000000001011111
000000000000001010011000
000000000000000000000000
000000100001000001010011
000000000000011010001000
000000000000000000000000
000100100010000001100111
000000000000001010011000
000000000000001001001001
000100000000000011001111
000000000000001010011000
000000000000000000000000
000000100100000001101011
000000000000001010011000
000000000000000000000000
000000100101000001011101
000000000000001010011000
000000000000000000000000
000000100110000001110011
000000000000001010011000
000000000000000000000000
000000100111000001100001
000000000000001010011000
000000000000000000000000
000100101000000001110111
000000000000001010011000
000000000000001001001001
000000101001000001100111
000000000000011010001000
000000000000000000000000
000100101010000001111111
000000000000001010011000
000000000000001001001001
000000101011000001101011
000000000000011010001000
000000000000000000000000
000000101100000010000011
000000000000001010011000
000000000000000000000000
000000011110000011010001
000000000000011010001000
000000000000000000000000
000000101110000010001001
000000000000011010001000
000000000000000000000000
000000101111000010001111
000000000000011010001000
000000000000010010010010
000000011000000001110111
000000000000001010011000
000000000000000000000000
000000001110000000101001
000000000000011010001000
000000000000000000000000
000000101000000001100001
000000000000011010001000
000000000000000000000000
000000110011000001111111
000000000000011010001000
000000000000000000000000
000000110100000100011111
000000000000001010011000
000000000000000000000000
000000110101000010100001
000000000000001010011000
000000000000010010010010
000000110000000011011111
000000000000001010011000
000000000000000000000000
000000110111000010001001
000000000000001010011000
000000000000000000000000
000000111000000010001101
000000000000011010001000
000000000000000000000000
000000111001000010001111
000000000000011010001000
000000000000000000000000
000000111010000010101101
000000000000011010001000
000000000000000000000000
000100111011000110001111
000000000000011010001000
000000000000000000000000
000000111100000010010111
000000000000001010011000
000000000000000000000000
001000111101000010110101
000000000000001010011000
000000000000001001001001
000000111110000100110101
000000000000011010001000
000000000000000000000000
000101010100000000011101
000000000000011010001000
000000000000001001001001
000000100000000001011111
000000000000001010011000
000000000000000000000000
000000100001000001010011
000000000000011010001000
000000000000000000000000
000001000100000100110011
000000000000001010011000
000000000000000000000000
000101000110000001000101
000000000000011010001000
000000000000001001001001
000001101100000111010101
000000000000011010001000
000000000000000000000000
000101001010000011011011
000000000000001010011000
000000000000001001001001
000101001100000001110001
000000000000011010001000
000000000000001001001001
000101001110000000011001
000000000000011010001000
000000000000001001001001
000000101000000001110111
000000000000001010011000
000000000000000000000000
000001010010000010111111
000000000000001010011000
000000000000000000000000
000101010100001001110111
000000000000001010011000
000000000000000000000000
000001010110000100111011
000000000000001010011000
000000000000000000000000
000000101100000010000011
000000000000001010011000
000000000000000000000000
000010010110000101001001
000000000000011010001000
000000000000000000000000
000000101110000010001001
000000000000011010001000
000000000000000000000000
000001011110000101011001
000000000000011010001000
000000000000000000000000
000000110000000010001111
000000000000001010011000
000000000000000000000000
000000001110000000101001
000000000000011010001000
000000000000000000000000
000001111000000101011111
000000000000001010011000
000000000000000000000000
000001100110001010000111
000000000000001010011000
000000000000000000000000
000000110100000010011011
000000000000001010011000
000000000000000000000000
000001101010000100000111
000000000000001010011000
000000000000000000000000
000001100000001010000011
000000000000001010011000
000000000000000000000000
000001101110000111011101
000000000000011010001000
000000000000000000000000
000010101000000110001001
000000000000011010001000
000000000000000000000000
000001110010001000011101
000000000000011010001000
000000000000000000000000
000001110100000111110111
000000000000001010011000
000000000000000000000000
000001110110000110011111
000000000000001010011000
000000000000000000000000
000000111100000111000011
000000000000001010011000
000000000000000000000000
000001111010001001011111
000000000000001010011000
000000000000000000000000
000001111100001001101111
000000000000001010011000
000000000000000000000000
000001010100000100100111
000000000000001010011000
000000000000000000000000
000000100000000001011111
000000000000001010011000
000000000000000000000000
000001000001000010100011
000000000000011010001000
000000000000000000000000
000010000100000100110011
000000000000001010011000
000000000000000000000000
000001000011000010100111
000000000000011010001000
000000000000000000000000
000011001100001101110101
000000000000011010001000
000000000000000000000000
000001000101000010101101
000000000000001010011000
000000000000000000000000
000010001100001000000001
000000000000011010001000
000000000000000000000000
000001000111000111110011
000000000000011010001000
000000000000000000000000
000011110000001100110001
000000000000011010001000
000000000000000000000000
000001001001000010110111
000000000000011010001000
000000000000000000000000
000011011110001000000011
000000000000001010011000
000000000000000000000000
000000111100000010111111
000000000000001010011000
000000000000000000000000
000001001100000010111101
000000000000011010001000
000000000000000000000000
000011100111000111110101
000000000000001010011000
000000000000000000000000
000001110101000101101001
000000000000001010011000
000000000000000000000000
000001001111000011000101
000000000000001010011000
000000000000000000000000
000000101000000001110111
000000000000001010011000
000000000000000000000000
000000110000000001111111
000000000000001010011000
000000000000000000000000
000101111011001111110111
000000000000011010001000
000000000000000000000000
000001010011000011001111
000000000000011010001000
000000000000000000000000
000010101000001001001011
000000000000001010011000
000000000000000000000000
000001010101000011010101
000000000000001010011000
000000000000000000000000
000000101011000001101011
000000000000011010001000
000000000000000000000000
000001010111000011011001
000000000000001010011000
000000000000000000000000
000001011000000011011101
000000000000011010001000
000000000000000000000000
000001011001000011011111
000000000000011010001000
000000000000000000000000
000000111100000100011001
000000000000011010001000
000000000000000000000000
000001011011000100001111
000000000000011010001000
000000000000000000000000
000001011100000111111011
000000000000001010011000
000000000000000000000000
000001011101000011101001
000000000000001010011000
000000000000000000000000
000000101111000001110101
000000000000001010011000
000000000000000000000000
000001011111000011101101
000000000000001010011000
000000000000000000000000
000011110000001011100111
000000000000001010011000
000000000000000000000000
