000000000000000000000000
010000000000000000000011
111010001100011110101000
110010110010110010110010
010000000000000000000001
001010011100101110111000
011011011011011011011011
010000000000000000000101
011010101100111110001000
100000100000100000100000
010000000000000000000111
001010011100101110111000
010010010010010010010010
010000000000000000000111
011010101100111110001000
110010110010110010110010
010000000000000000000001
101010111100001110011000
011011011011011011011011
010000000000000000000101
101110011100001010111000
110010110010110010110010
010000000000000000001011
101010111100001110011000
010010010010010010010010
010000000000000000000111
011010101100111110001000
110010110010110010110010
010000000000000000001101
111110101100011010001000
000000000000000000000000
010000000000000000001101
111010001100011110101000
000100000100000100000100
010000000000000000001111
001010011100101110111000
010010010010010010010010
010000000000000000001001
001110111100101010011000
110010110010110010110010
010000000000000000010001
111110101100011010001000
110110110110110110110110
010000000000000000001001
001110111100101010011000
110010110010110010110010
010000000000000000000001
011110001100111010101000
111111111111111111111111
000000000000000000010001
111110101100011010001000
000000000000000000000000
010000000000000000010101
011110001100111010101000
010010010010010010010010
010000000000000000001011
001110111100101010011000
000100000100000100000100
010000000000000000010111
001010011100101110111000
010010010010010010010010
010000000000000000001101
101110011100001010111000
110010110010110010110010
010000000000000000000001
101010111100001110011000
011011011011011011011011
001000000100100000010100
001010011100101110111000
001001001001001001001001
010000000000000000011011
101010111100001110011000
010010010010010010010010
010000000000000000011011
101110011100001010111000
000100000100000100000100
010000000000000000011101
011110001100111010101000
010010010010010010010010
010000000000000000000010
001110111100101010011000
111011111011111011111011
001000000000000000001111
001010011100101110111000
001001001001001001001001
010000000000000000010001
101110011100001010111000
010110010110010110010110
010000000000000000100001
111110101100011010001000
010010010010010010010010
010000000000000000100001
111010001100011110101000
100000100000100000100000
001000000000000000010011
101010111100001110011000
001001001001001001001001
010000000000000000010011
111010001100011110101000
110010110010110010110010
010000000000000000100101
011110001100111010101000
010010010010010010010010
010000000000000000010011
111010001100011110101000
110010110010110010110010
011000000000000000010101
011110001100111010101000
011011011011011011011011
010000000000000000010101
101110011100001010111000
110010110010110010110010
010000000000000000011111
101010111100001110011000
100100100100100100100100
010000000000000000010101
001110111100101010011000
010110010110010110010110
001000000000000000010101
011110001100111010101000
001001001001001001001001
010000000000000000101011
101110011100001010111000
000100000100000100000100
001000000000000000100011
011110001100111010101000
110010110010110010110010
010000000000000000101101
101110011100001010111000
110010110010110010110010
001000000000000000010111
001010011100101110111000
001001001001001001001001
010000000000000000101111
111010001100011110101000
010110010110010110010110
000100000111100000101001
001010011100101110111000
011011011011011011011011
010000000000000000000010
111010001100011110101000
001101001101001101001101
001000000000000000011001
111110101100011010001000
001001001001001001001001
010000000000000000110011
111010001100011110101000
110010110010110010110010
001000001001000000001011
001010011100101110111000
010010010010010010010010
010000000000000000100100
111010001100011110101000
111011111011111011111011
011000000000000000011101
011110001100111010101000
011011011011011011011011
010000000000000000011101
101110011100001010111000
110010110010110010110010
001000000000000000001111
101010111100001110011000
001101001101001101001101
010000000000000000011101
101110011100001010111000
110010110010110010110010
011000000000000000011101
111110101100011010001000
100100100100100100100100
010000000000000000011110
111010001100011110101000
111011111011111011111011
001000000000000000100001
111110101100011010001000
111011111011111011111011
001000001010100000001101
101010111100001110011000
010010010010010010010010
001000000000000000011111
001010011100101110111000
001001001001001001001001
001000000000000000010001
011110001100111010101000
101001101001101001101001
001000000000000000100011
101010111100001110011000
001001001001001001001001
010000000000000000010001
101010111100001110011000
001001001001001001001001
001000001100000000010001
111110101100011010001000
010010010010010010010010
001000000000000000010011
001010011100101110111000
101001101001101001101001
001000000000000000100101
011110001100111010101000
001001001001001001001001
011000000000000000101001
011110001100111010101000
111011111011111011111011
001000000000000000100111
001010011100101110111000
001001001001001001001001
001000000000000000010101
011110001100111010101000
111011111011111011111011
011000000000000000101011
101010111100001110011000
011011011011011011011011
001000000000000000010101
111110101100011010001000
101001101001101001101001
000100000000000000010111
101010111100001110011000
010010010010010010010010
001000001111000000010011
001010011100101110111000
010010010010010010010010
001000000000000000101111
101010111100001110011000
010010010010010010010010
001000000000000000010111
101010111100001110011000
101001101001101001101001
000100000000000001001001
111110101100011010001000
010010010010010010010010
001000000000000000011001
011110001100111010101000
101001101001101001101001
000100001111000001100001
111110101100011010001000
000000000000000000000000
001000000000000000011001
101010111100001110011000
110010110010110010110010
000100000000000001001101
111110101100011010001000
000000000000000000000000
001000000000000000011011
101010111100001110011000
111011111011111011111011
000000011000000001000001
111110101100011010001000
000000000000000000000000
001000000000000000011011
011110001100111010101000
110010110010110010110010
001000000000000001100111
001010011100101110111000
010010010010010010010010
001000000000000000011101
111110101100011010001000
101001101001101001101001
000100000000000001001001
001010011100101110111000
100000100000100000100000
001000000000000000011101
001010011100101110111000
110010110010110010110010
000100000000000001011001
011110001100111010101000
000000000000000000000000
001000000000000000111011
001010011100101110111000
101001101001101001101001
001000000000000001000001
111110101100011010001000
001001001001001001001001
000100001010100000001101
001010011100101110111000
001001001001001001001001
000100000000000001011111
001010011100101110111000
000000000000000000000000
000100000000000001010011
111110101100011010001000
100000100000100000100000
001100000000000001100111
101010111100001110011000
010010010010010010010010
001000000000000001000011
101010111100001110011000
001001001001001001001001
000100000000000001101011
101010111100001110011000
000000000000000000000000
000100000000000001011101
101010111100001110011000
100000100000100000100000
000100000000000001110011
001010011100101110111000
000000000000000000000000
000100000000000001100001
101010111100001110011000
100000100000100000100000
001100000000000001110111
001010011100101110111000
010010010010010010010010
000100000000000001100111
011110001100111010101000
100000100000100000100000
001100000000000001111111
101010111100001110011000
010010010010010010010010
000100000000000001101011
011110001100111010101000
100000100000100000100000
000100000000000010000011
101010111100001110011000
000000000000000000000000
000000011110000000011101
011110001100111010101000
001001001001001001001001
000100000000000010001001
011110001100111010101000
000000000000000000000000
000100000000000010001111
111110101100011010001000
000100000100000100000100
000000011000000001110111
001010011100101110111000
000000000000000000000000
000000001110000000101001
011110001100111010101000
000000000000000000000000
000000101000000001100001
111110101100011010001000
000000000000000000000000
000100000000000001111111
111110101100011010001000
100000100000100000100000
000100000000000001001111
001010011100101110111000
001001001001001001001001
000100000000000010100001
001010011100101110111000
000100000100000100000100
000000110000000000000111
001010011100101110111000
001001001001001001001001
000100000000000010001001
101010111100001110011000
100000100000100000100000
000100000000000010001101
011110001100111010101000
000000000000000000000000
000100000000000010001111
011110001100111010101000
100000100000100000100000
000100000000000010101101
111110101100011010001000
000000000000000000000000
001100000000000010100011
011110001100111010101000
101001101001101001101001
000100000000000010010111
001010011100101110111000
000000000000000000000000
010100000000000010110101
101010111100001110011000
110010110010110010110010
000100000000000000111101
111110101100011010001000
001001001001001001001001
001100010101000000011101
111110101100011010001000
010010010010010010010010
000000100000000001011111
001010011100101110111000
000000000000000000000000
000000100001000001010011
111110101100011010001000
100000100000100000100000
000100000000000000100011
101010111100001110011000
001001001001001001001001
001100000000000001000101
111110101100011010001000
010010010010010010010010
000100100100000010110101
011110001100111010101000
001001001001001001001001
001100000000000011011011
001010011100101110111000
010010010010010010010010
001100000000000001110001
111110101100011010001000
010010010010010010010010
001100000000000000011001
011110001100111010101000
010010010010010010010010
000000101000000001110111
001010011100101110111000
000000000000000000000000
000100000000000010111111
101010111100001110011000
000000000000000000000000
001100000000000100100111
001010011100101110111000
001001001001001001001001
000100000000000100111011
001010011100101110111000
000000000000000000000000
000000101100000010000011
101010111100001110011000
000000000000000000000000
000100111100000101001001
011110001100111010101000
000000000000000000000000
000000101110000010001001
011110001100111010101000
000000000000000000000000
000100000000000101011001
011110001100111010101000
000000000000000000000000
000000110000000010001111
001010011100101110111000
000000000000000000000000
000000001110000000101001
011110001100111010101000
000000000000000000000000
000100010100000101011111
001010011100101110111000
000000000000000000000000
000100000000000011101111
101010111100001110011000
001001001001001001001001
000000110100000010011011
101010111100001110011000
000000000000000000000000
000100000000000100000111
101010111100001110011000
000000000000000000000000
000001100000000011010011
101010111100001110011000
001001001001001001001001
000100000000000000100101
111110101100011010001000
001001001001001001001001
000100111000000110001001
111110101100011010001000
000000000000000000000000
000100000000000001010101
111110101100011010001000
001001001001001001001001
000100000000000000100111
001010011100101110111000
001001001001001001001001
000100000000000110011111
101010111100001110011000
000000000000000000000000
000000111100000111000011
101010111100001110011000
000000000000000000000000
000100000000000001110111
101010111100001110011000
001001001001001001001001
000100000000000001111111
001010011100101110111000
001001001001001001001001
000001010100000100100111
001010011100101110111000
000000000000000000000000
000000100000000001011111
001010011100101110111000
000000000000000000000000
000001000001000010100011
111110101100011010001000
100000100000100000100000
000100000000000100110011
101010111100001110011000
000000000000000000000000
000001000011000010100111
111110101100011010001000
100000100000100000100000
000101000100000101010101
011110001100111010101000
001001001001001001001001
000001000101000010101101
101010111100001110011000
100000100000100000100000
000100000000001000000001
111110101100011010001000
000000000000000000000000
000001000111000111110011
011110001100111010101000
100000100000100000100000
000101100000000011110001
111110101100011010001000
001001001001001001001001
000001001001000010110111
011110001100111010101000
100000100000100000100000
000101001010001000000011
001010011100101110111000
000000000000000000000000
000000111100000010111111
001010011100101110111000
000000000000000000000000
000001001100000010111101
011110001100111010101000
000000000000000000000000
000101001101000111110101
001010011100101110111000
100000100000100000100000
000001110101000101101001
001010011100101110111000
100000100000100000100000
000001001111000011000101
001010011100101110111000
100000100000100000100000
000000101000000001110111
001010011100101110111000
000000000000000000000000
000000110000000001111111
001010011100101110111000
000000000000000000000000
001001111011000101100111
111110101100011010001000
101001101001101001101001
000001010011000011001111
111110101100011010001000
100000100000100000100000
000100000000001001001011
101010111100001110011000
000000000000000000000000
000001010101000011010101
101010111100001110011000
100000100000100000100000
000000101011000001101011
011110001100111010101000
100000100000100000100000
000001010111000011011001
101010111100001110011000
100000100000100000100000
000001011000000011011101
011110001100111010101000
000000000000000000000000
000001011001000011011111
011110001100111010101000
100000100000100000100000
000000111100000100011001
111110101100011010001000
000000000000000000000000
000001011011000100001111
111110101100011010001000
100000100000100000100000
000001011100000111111011
101010111100001110011000
000000000000000000000000
000001011101000011101001
001010011100101110111000
100000100000100000100000
000000101111000001110101
001010011100101110111000
100000100000100000100000
000001011111000011101101
001010011100101110111000
100000100000100000100000
000100110000001011100111
001010011100101110111000
000000000000000000000000
