01000110100011101110101000111011101110110001000110100011
10111010011001010000100101111100110001001010111110100011
10111010100011101110110111011011101001011111011001011101
11000010010001010001110111010100011010001100100010100011
10111010100011010001101000110011110101110111000010010011
11010000011111010001110111011101001101110110111010100011
11000000010100101110100101010100011101111101000111100110
10111010100011101110101000110100011010000010111011011101
11111101011101101110101000110100001000111101000110100011
11010111011101010001110111011011101101110101000111011101
01000110010101010001110111111011101010000101000110100011
10111010100011001110010111011011101010001101000110100011
01000111111001001100101000111011110001110001000110100011
01000111011101101110101000111011101101110101000111101001
01000111011101010001101000110100011001101011010010100011
01000110010101001101111001111011101101110101000001011101
01000111011101101111110111010010011010001101000111011101
01000111110000101110110111010100011101110110111010001101
01000110100011001100000110011011101101110110111011011101
10111010100011010001101000110100011010001110111010100011
10111010100011001101001000111011101010001111000101100000
11000111011101010001101000111011101010001111001111011101
01000110100011010000101000110100011010001100101111011101
01000111011101010001111011101011101101110111101101011101
01000110100011010001110111011011101111101010111010100011
01000111011101101110101000111011101110111010111010100011
01000110100000001111001000010100011001110101000110100011
10111010100011010000101000111011111101111101000111011101
01000110100011101110110111011011101101110101000011100001
01000111011101010001101000111101011010001101000111011110
00000000100011101110111111001011101101110110111011011101
01000111011101101110101000110100011010001100101111011101
01000110100011101110110111011011101001101010111010100011
10111011011101010001101000111011101111101010111010001111
10111010011111001101010111011011101010001110111010100011
01000100010011010001101000111011110010001101000110100011
01000110011110010001100001010100010101110101000111110000
11000000100011101110101000111011101110000010111010010110
10111010100011101110101000110100011001110110111010100001
00011110100011101110110111011011101101110110111010100011
01000110100011101110110111011011101101110110111011101100
01000110100011110010001000110100011101110111011100100011
01000111011101010001110111011101111010001100101010010001
01000110100011101110110111011011101010001111101000100011
00111110100011010001101000110011110101110101000111011101
11100011011101010001100110000100011101110110111011110111
01000111011111010001101000111011101101110100101011011101
11011000100011010001100111110100010101110101000111011101
10111010100011010001101000110100001010000101000110011100
01000110100011110011001000111011101101110111101011011101
01000111011101101110111001100100011001010000101011011101
01000110100011010001110111011011101101110111001111011101
10111011011101101110101000110100011010001101000110100011
01000110100011101110110111011011101010001101000111011101
01000110100011101110110111010010010101110101000110100011
10111011100001001000001000110100011010001110111010100011
01000110100011101110101000111011101010001101000110100011
01000111011101101110110111011100001010001111011000011000
10111011011101110010110111011011101010001110111011011101
10111010100011010001110111010100011010000001000110100011
01000111100110110111110111011011101010001101000111011101
11000001011101010001101000111011101010000010111010100011
11101000100011010001110111010100011101110101000001011101
01000110100011010001110111011100101110110000110010010000
00101110100011101110110111010100011101110101000111011101
10111011011101101110101000111100000101111110111010100011
11001110011110101110100110000100011010001110111011011101
01000110100011101110110111101011110110011000100101011101
01000110011010101111110111011011101010001110111011011101
10111011011101010001110111010100011101110110111010011110
01000110100011000111110111011011101000111001000110100011
01000110100011101110110111011100101010001110111010100011
10111011011101101110110111011011101010001110111010100011
10111010100011001111010111010100011010001110111011111000
01000011011101110111010111011011101101110101000111011101
01000110100011101110110111011011101010001111100110100011
11100011011101010001110111010100011101110101000111011101
01000110100000010001110111011011101101110100000000100011
10111011111001010001101000111101000010001110111010100011
11001100100011101110110111011011101010000010111010100011
10111010100011001011010111010100011010001110111011101111
10111010100011001111001000110100011001011110111010000010
01000001101011110000101000111011101101110110111010011101
10111011011110101110101000110100011101110101000111011101
11001010010111101110101000110001101010001110111011100010
10111010001000010001110111011101110101110110111011011101
10111010100011000111100111011011101001111001000111101000
00110000011110101110101000111011101010001100111110100011
01000110100011101110101000110100011101110110111011011101
01000100100011010001110111011011101101110101000111100011
01000111011101010001110111011100111101110110111010100011
10111011011101101110111000011110001010001101000111100001
10111010100011101110110111011011101010001101000110100011
01000110011010010001101000110100011010000110111010011110
10111011011101010001101000111011101110111000100011110010
01000111011101010001110111010100011101110101000111011101
10111010100011101110101000111101111101110101000111011101
01000110100011010001101000110100011010001100111110100011
01000110100011110000101000111011101101110111010000100011
01000111011101110100010111010100011010001110111011111010
10111011011101101110101000110100011101110110111011011101
01000111011101010001101000000100011010001101000110100011
10111010100011101110111101011101111001101001000111011101
10111011011101010001101000111011101010001110111011011101
00101101011101101110101000111011101010001100010010100011
11000000100011101110110111010011110010001101000110100011
11001010010000101110100101010100011101111001000111011101
10111011011101010001110111010011010010001101000111011101
01000110100011010001101000111011101010001101000111011111
10111010100011110001001000110100011101110101000110100011
01000110001100010001111100011011101001010100111100100011
10111010100011101110101000111101011101110101000110100011
01000111011101010001101000110011111010001101000111011101
01000110100011010001110111011011101010001101000110100011
01000111011101101110110111011011101101110101000111011101
01000111011101101110101000110100011101110110111010001010
10111011100001010000101000111011101110010010111011110000
10111010100011001101001000100100011001000010111010100011
10111010100011010000101000111100000010001111001100001100
01000110100011101110111010110100011101110110111011100111
00110101011101010001110111010011010010001111101111011101
10111100100011010001110111010100000101110110111011011101
10111011011101101110101000110100011000110101000111011101
01000110100011101110110111011011101010001110111011011101
10111011011101000111101000111011101101110100110110100011
01000111011101101110101000110100011010001110111010100011
10111010011111110000101000111011101001100001000110100011
11010100100011001100101000110100011110010101000111101101
01000111011101010001110111010100011010001100101001111010
01000110100011010001101000001100101010000101000110100011
10111010100011110111001000110100001101110110111010100010
10111011011101101110101000110100011010001101000110100011
01000110011000010001101000111011101101110101000110100011
11001001011101010001100010000011001010001101000111011101
10111011011101101110101000110100011101110110111011011101
10111011011101010001110111010100011101110110111011100000
10111011011101110110010111011100100101110110111010100011
01000110100011010001110111010100011001110001000110100011
00000100100011101110101000101011101010001100001010100011
01000110100011010001011100000100011010001110111011011101
10111011011101101110101000111011101010001110111010100011
11000100100011010001101000110100011010001110111011011101
10111010100011101110101000110100011110100110111010011011
11000110011011110000010111011011101101110101000110100011
01000110100011010001111110000011011101110110111010100010
01000111011101010001110111011100111101110110111011011101
10111010100011101110101000010011101101110110111011011101
01000111100001001001110111011011101010001110111010100011
01000110100011101110110111011011101110100100111110100011
01000110100011010001101000111111110101110101000111011101
01000110100011110010001000110100011110100010111011100000
10111011011101010001101000111011101101110101000111110010
10111010100011010001101000110100011101110101000111011101
01000111011101110010110111011011101101110110111100100011
00000000100001010001101000110100011101110110111011011101
01000110100011001010110111010100001010001101000111011101
01000111011101110010001000110010111010001101000110100011
01000111011101010001100111011011101010001110111010000010
01000111011101001110010111011011101101111010111011110011
01000111011101001000101000110100011010001110111011011101
11000100100011010001101000111100110010001101000110100011
11110110001011010001101000111011101101110111101110100011
00011010100011010001101000111100101111011001000111011101
01000111011101010001101000111011101101110110111011011101
10111011011101001010010111011011101110111110111010100011
01000111011101111111001000111011101101110110111010100011
01000010100011010001101000110100011010001101000101011101
01000111011101111001110111010100011010001100110001011101
01000111100001111000000110111011101101110101000111011101
10111010100011010001101000111011101010001101000111011101
01000111011101010001101000110100011010001101000110100011
01000110100011101110110111010100011101110101000110100011
10111011011101101110110111010011011101110110111010100011
00110000001110101110101000110011110010001101000111011101
01000110100001010001001000111011101101110110111011011101
10111011011101010001101000110011111101110101000010011010
10111011011101101111001000111011111010001110111011011101
10111011011101010001101000110100011101110110111011011101
01000110010000101110110111011011101101110110111010100011
01000110100011010001111010010100011010001101000110100011
10111010001100101110101000111011101001100101000111011101
10111011011101101110101000111011110101110110111011100101
10111010100001111001010111011011101001110010111010100011
01000111011101010001101000110100011010001110111011110101
01000111011101010001111111011011101010001101000111011101
10111010000011101110100100101011101010001101000111011101
11011001101001010001110111011011101010001110111010100011
11100010011111101110111010110010001010001101000110011110
01000110100011101110111000000100011010001010111010011110
10111010100011010001111000100011001101110110111010100011
10111011011101010001110111010100011010001110111010100011
01000111011101110010000100000100011101110101000110100011
10111010100011101110110111011011101001101011010001101011
10111011100100101110100100110100011010001010111011100010
01000110100011001001110111010011110010001110111011011101
10111011111110110110010111010010101110000010111011011101
01000111110100101110101000110011111101111001000111011101
01000111011101101110101000111111001001010001000110100011
01000110011111101110110111011011101110000001000110100011
00011111011101110111101000110100010110010100110010011111
11011001011101010001101000011011101001111100110100100011
01000111011101110000111000000010000101110100001000010101
01000110100011101110110111011100010010001111001000001100
01000111011101101110110111010100011101110111110111011101
10111010100011111000101000111100010101110110111010100011
00110010100011101110111100000100011101110101000110010111
11010110100011010001101000110100011110010000100111011101
10111010011000101110110111010011000101110101000110011000
01000110100011101110101000110010110101110110111010001000
00111000100011010001101000110100011110000101000110011001
01000110100011101110101000110100011010001101000110100011
10111010100011010001110111011011101010001111001001011101
10111010010101010001101000110100011101110110111101100000
11000001011101010001101000110100011010001101000110100011
01000111011101010001100000000000000101110110111011011101
11001100001101010001110111011011101101110101000111101000
10111010011101101110101000110010100010001101000110011000
10111010100011101110101000111011101101110110111011011101
01000111011101101110110111010100011010001101000110010010
00110000100011010001110111011011101111010101000111011101
01000110100011000001010111011011101001010001000110100010
10111010001110010001111010001100110010001101000111011101
10111010100011101110110111010100011110101101000110100011
01000110100011101110110111011100001101111101000111011101
10111010100011010001100111110100010010001110111010100011
10111011011101101110101000110100011010001110111010100011
01000110100011111000000110100100011101110101000110100011
10111010010101101110111011001011101010001110111010100011
11100001011101101110101000110100011010001101000110100011
01000110100011001011110111010011101101110110111011011101
00111111011101010001101000110100011101110110111011011101
01000110100011101110100111000100011110100111110111011101
01000111011101101110101000111011101010001100101010011110
10111011100001010001101000110100011001110110111011011101
00011110010101110010110111010100011010001100111000100011
10111011011101101110110111011011101010001101000110100011
10111011011101010001001000111011101010001101000111011101
01000111011101101110101000011011101110111110111011011101
01000110011110010001101000110001101110111101000110100011
01000110100011010001110111010011001101110101000111011101
10111010100011001000110111010100011010001101000111011101
10111011011101101110111111110100011101110110111010100011
01000110100001010001101000111101000101110110111011011110
01000111011101101110110111011100111110110001000110100011
01000110010101101110101000110100011010001110111011011101
11100110100011101110101000111011101001111111010011101010
00111111011101101110110111011011101111011011100110100011
10111011011101110011010111100100011101110101000111011101
01000111011101110011110111011110011010001101000110011010
01000110001101010001110111011011101010001001000111101001
01000111011101010001101000111100101010001110111010100011
01000111011101111110001000011100100010000111001011011101
01000111011101010001100110111011101010001110111010100011
10111011100110101110110111011100000110011001000111011101
10111011011101110000010111010100011010001101000111011101
00101111011101101110110111010100011101110110111010100011
10111011100110110011010111010100011010001101000001100101
01000110100011101110101000111100011010001110111010100000
10111111011101101110101000110000001010001110111011011101
10111010100000101110110111010100011111001001000110100011
10111010100011110010001000011011101010001110111011101111
01000110100011111001111100001100001010001101000111011101
01000111011101101110101000111011101010001101000111101101
01000110000100101110101000110100011101110101000110100011
10111011011101101110101000110100011101110110111010100011
10111011011101101110110111011011101010001110111010100011
10111010100011010001101000111011101010001101000111011101
01000110100011010001101000110100011101110110111011101110
10111110100011110001001000111100001001001000101110100011
10111010100011101110100001001011101010001110111010100011
10111011101101001010110111011011101110000010111010100011
10111010100011101110110111011011101101110111000001011101
01000110100011101110101000110100011110111010111010100001
11011110100011101110100111100011100101110110111010100011
10111010100011010000010111010100011010001110111010100010
01000111011101101110100110110100011110101101000101011101
10111010100011110111011000111011110010001101000110100011
10111011011101101110101000110100011101110111101011011101
10111011011101101110101000110100011010001111110001011101
10111011011101101110111011110100010110000011010110000001
01000111011101110101101000110100011101110100010111011101
00001000100011010001110111010011110110010011001101011101
01000111100101110101100101111011101010001100110100100011
01000111011101010001110111010100011110001101000110100011
01000111011101101110110111010100011110000011010001011111
01000110010100101110101000110100011010000011000101011101
01000110011101010001101000111100001001100000100101011101
10111011011101001100000111001011101101110101000110100011
01000110100011010001101000111011101001110011011011011101
01000111110000010001100101100100011111110011010001011101
01000110100011110011010111011011101110100010111010011111
10111101011101110000001000111011101101110110111010100011
01000110100011010001101000110100011010001100111101011101
10111010100011001010101000111101111101110111010011011101
10111011011101010001101000110100011101110101000111011101
11010101011101101110101000111100010001100001000111011101
01000110011010110011110111011011101110101110111011100100
10111010100011010001110111011011101101110110111010100011
10111010100011010001110111010100011010001100010110100011
01000111011101010001110111010100011101110110111010100000
01000111011101001100101000110100011101110101000111011101
01000011111011101110101000110100001010001010111010100011
10111010100011001111010111011011101101110101000110100011
00011011011101101110110111010100011010001110111011011101
01000111011101101110111100000100011001100000111100100011
01000110100011001011001000110100011101110110111011011101
01000111011101101110101000110100011010001110111010010111
01000110100011010001101000111011101010001110111011011101
10111011011101010001101000111011101010001110111011011101
10111011011101110011010111011011101101110110111011101100
10111011011101101110110111010100011101110110111011011101
01000111011101101110111001001011101101110110111010100011
01000110100011010001111000000011010010001100111011011101
10111010100011101110100100111011101010001110111010100011
10111011011101110110001000111100101010001111000101011101
00110001011101010001101000111011101010001111000100100011
00111110100011010001101000110011011010001111000101101001
01000111011101010001110111011011101010001101000111011101
01000110011000010001111001000100011101110111001010100011
10111010011101010001101000111111011101110110111010100011
10111010100011001101101000110100011010001101000110100011
10111011111111010001101000111011101101110101000111011101
11010000000000010001101000110100011001000110111011011101
10111011011101101110101000110100011010001101000111101011
10111011011101010001110111011011101101110110111011011101
01000110100011010001111010101011101101110111100100100011
10111010100011010001110111010001110001110101000110100011
10111011111010101110100111101011101010001101000110011101
11001111011101101110101000111011101101110101000111011101
00111110000010010001101000110100011010001110111010100011
10111011011101101110101000110100011010001111001111011101
10111011011101001100010111011011101010001101000111101000
01000110100011010001110111010100011101110110111010100011
01000111110110101110110111010100011001101101000110100011
00111010100011101110101000111011101010001101000110010111
10111011011101110101101000011011101101110101000101100001
11010010011110101110110111011011101101110101000110100011
01000111011101010001101000101011111010001110111011011101
10111010100011101110110111011011101010001101000111011101
01000111011101101110101000111101111010001101000111011101
10111011011101010001110111011011101010001110111010100011
01000111011101010001101000111101100101110110111010100011
10111110100011010001110111011011101010001110111010100011
10111011011101101110110111010100011101110111001000010001
10111010100011101110100110101011101110001001000111011101
10111011011101010001101000111011101101110110111010100011
10111011011101010001110111011101101101110101000111011101
11001000100011001101110111010100011101110101000010000001
01000101011101010001110111011011101010001101000111101000
01000111110001001100010111010100011010001101000111011101
00110100100011010001110111010100011010001111000000100011
11000101111101001101111001101011101110001001000110100011
01000111101101101110110111010100011010001111001000100011
01000111011101101110110111010100011010001110111011011101
01000110100011010001101000110100011001110010111011100001
10111010100011010000110111010010100010001110111010100011
01000111100111001100101000111110001010001111000111011101
10111011011101010001101000101011101010001111001001011101
00111000100011010001100101010100011010001100101110100011
10111010100011101110100101000100011010001110111011011101
01000101100100010001100111101011101101110110111010100011
10111110100011111101001000111100001101110110111010100011
11100111011101101110110111011011101101110110111011011101
11001011101111010001110111111100000010001101000110100011
11001101011101101110110111010100011010001101000111011101
10111011111001101110101000110100011110011010111010100011
01000110010110101110101000110000110010001110111010100011
10111010100011101110101000111011101101110101000111011111
11010101011101010001111000100100011110001001000110100011
10111010100011101110101000110100011101110111101101011101
01000110100011010001100101000100011110100010111010100010
00110000100011101110101000110100011101110110111010100011
10111010011100010001110111010100011010001110111011101011
00111101011101110001011111110100011101110110111011011101
01000111011101010001101000110100011010001100100010011010
01000111011101010001100100110100011110001110111011011101
01000111011101101110101000110100011010001110111011011101
01000110100011010000001000111011101010001101000110100011
10111011100010001101101000111011101110110010111011011101
01000110100011001010001000111011101101110110111011011101
10111010100011101110110111010100011101110110111011011101
01000111011101101110111000111011101101110110111010100011
11101001011101111010001000111011101110011110111010100011
10111011011101101110110111011011101110010010111010100011
11000001011111010001110111011011101010001110111011101000
10111011011101101110110111100100011101110100101001100011
01000111011101010001110111010100011101110111010000011010
01000111011101101110101000111011101010001110111010010100
10111010100011101110101000111011101101110100111111011101
01000110100011101110101000111011101010001110111101011101
10111011011101101110110111010000100010001010111011011101
01000110100011101110110111010100011110001010111010001001
10111010100010001001110111011011101010001101000111011101
10111011011101010001101000110100011101110110111010100011
01000111011101010001111001000011010101110101000110100011
10111011011101101110110111011011101001100110111111011101
11100101101111101110101000110100011010001110111010001001
01000110100011010001110111010011011001010001000110100011
10111010100011101110111000110100011010001110111011011101
10111010011101111110110111010011111111101101000111011101
01000110010101101110101000111011101010001101000110100011
01000110011100101110110111011011101101110101000110100011
10111010100011010001110111011011101010001111000001011101
10111010100011010001110111011011101101110101000000100011
01000111011101010001101000110100011111101010111010011101
10111010100011010001101000110100011101110100100101011101
01000110100011101110100111000100011010001110111010100011
10111010100011010001110111011100010101111000111011101110
11100010100011010001101000111011101101110110111011011101
01000110010110101110101000110100011010001100100100100011
10111011110011000100101000110100011101110110111011100000
10111010100011010001110111011011101101110101000111110111
00110001011101001110110111101011101101110110111110100011
00101000100011010001101000110100011101110110111011011101
01000110100011001010010111010010011010001100100100011011
01000111101100000010100101100011111010001110111010100011
10111010100011101110110111010100011001111110111010100011
10111011011101101110110111011011101110001011101111011101
10111011100010010001101000110100011001100010111011100000
01000111011101101110110111010100011101110110111011011101
01000111011101101110101000110011011101110101000110100011
10111010011011010001111000000100011110011101000111100101
10111010100011010000011001100100011010001101000110100011
11011011100001101111010111010100011110011001000110100011
10111101011101101110110111010100011101110110111011011101
10111011011101010001110111011011101101110100110100100011
10111010011011101110101000100100011010001110111011110010
00111111011101010001110111010011000111011101000110100011
10111011101100010001110111010100011101110101000110001011
01000111011101101110101000111011101110011101000111011101
10111010011101110011000110110100011101110110111011011101
01000110100010101110110111100100011000101110111011101000
10111011011101010001110111010100011010001111010001011101
10111010100011101110110111110010111101110110111010100011
10111010100011010001110111011100001010001101000110100011
10111011011101010001101000110100011101110101000110100011
10111010100011101110100111011011101101110101000110100011
01000111011101001010010111011011101010001110111011011101
01000111011101110010001000110001101010001110111010100010
11010101110000101110101000111100011101110110111011101011
01000110100011010001110111011011101000010101000111011101
01000000100011010001101000111011101101110101000111011101
10111011011101101110110111010100011101110110111011011101
01000110100011010001110111010100011101110110111010100011
01000110100011010001101000110100011010001110111010100011
01000110000111001001001000110100011010001100100101011101
10111010100011010001111001000100011101110101000110100011
10111010100011101110110111011011101101110101000110100011
01000111011101101110110111011011101101110110111011011101
10111010100011101110110111010011011010001101000110010111
01000110011110001101010111011011101101110101000110100011
10111011100011101110101000110100011101110101000111011101
00110110100011101110111000010100011101110101000111101000
01000110010010101110101000000100011101110101000110100011
01000110100011010001101000110100011010001110111010100011
01000110100011110011100110111011101010001100101000001101
01000111011101101110110111011101001010001110111011011101
01000110100011010001101000110100011101110110111011011101
10111011011110001100101000110011010001100100111110100011
10111010010111110101110111011011101010001100111101100000
01000110000100101110110111010100011101110101000111011101
11010011011101010001101000110100011010001101000110000101
10111011011101001010110111010100011001111001000110100011
10111011011101000111111010001011101010001110111010010010
01000111011101101110111000101011101010001110111011011101
01000111011101101110101000111011101101110110111111011101
10111011011101010001110111110100011010001110111011110011
01000111011101010001011000000100011010001110111110001111
01000111011101010001101000111011101010001111100010001110
01000110010101101110110111010100011101110100000110100011
10111010100011101110101000111011101101110101000110100011
00111110100011101110110111010100011010001110111011011101
01000111100000101110110111010100011010001100110111011111
01000110100011010001100111100100011101110101000110001111
00110101101100101110100111000100011111010010111010100011
10111011011101101111011000001011101010001110111011011101
10111010100011010001101000111011101000100010111011011101
10111011101000110100110111011011101101110110111011011101
01000110100011001100001000111011101001110001000110100011
01000100100011110011101000111011101010001110111010011111
01000110100011110000000011100100011010001101000111100100
01000110100001010001110111010100011101110101000111011101
10111010100011101111011010101011101101110110111010100011
01000111111100110000110111011011101010001100101111011101
10111010100011101110111010001111000010001101000110100011
10111011011101101110110111011011101101110101000110100011
00101111011101101110101000110010110101110101000111011101
01000110100011101110111000110010101101110100101111011101
10111011100000010001110111011011101001100110111010001100
11000010100011101110100111011011101001111110111010100011
01000111101101010001101000111011101010001101000110001001
01000110011010010001101000110011101110100001000110100011
11101010100011101111100110001011101101110100101111011101
10111010100011110111001000111111111101110111011010100011
10111011011101001110101000111110010101111010111010010011
01000111011101101110110111011011101111111010111011100000
01000110100011101111001000110010101101110110111010100011
10111010100011101110101000110100011101110110111011011101
00101111011101101110101000111011101101110110111010100011
00101000100011101110110111010100001101110101000111101001
01000111011101101110110111011011101000111101000110011101
01000110100011010001110111011011101010001101000110100011
10111010100001101110110111010100011111100010111010100011
01000110100011101110111100101011101010001110111011011101
11100100001100010001101000111011101001111111100110100011
01000110100011010001101000010100010001101110111100100011
11010100100011101110101000110100011101110100111010100011
10111010100011101110110111011011101000001110111010100011
01000110010110010001111000101011101101110110111010100011
10111010100011101110111000011011101110000010111011011101
01000110100011101110101000110100011101110111011111011101
01000111011101010001110111011011101010001110111110100001
10111011011101010001101000110100011010001110111010100011
10111010100011101110101000110100011001000001000111011101
01000111011101010001101000110100011101110110111011110000
11000010100011101110110111100100011010001111000000100011
00110110100011101110101000111011101101110111000011011101
01000110100011010001110111011110000010001101000110100011
11101011011101101110110111010100011001110000110000100011
11110011011101001100011100101011101010001110111011011101
10111010011111010001101000110100011101110110111010100011
01000110100000101110110111011101111101110101000111011101
11001011011101101110101000111011101000010010111011011101
00111100100011010001101000111011101101110101000111011101
10111010100011010001110111011100100110001110111011100100
01000110100011010001101000110100011101110101000111011101
10111011011101101110101000111011101010001100011111011101
01000110100011101110111000101011101101110110111010011110
00100001011101101110101000110100011010001110111010100011
10111011011101010001101000110100011001111001000110100011
10111010100001010001110111010100011101110110111010100011
10111010100011111110010111011011101010001110111010100011
00011011110000101110110111010011100101110110111011011101
01000111011101001100010111010100011010001101000110100011
10111010100011010001110111011011101110111101000110100011
10111011011101101110101000110100011101110101000111011110
10111011011101010001101000111011101010001111011001011101
10111010100011010001101000111011101101110101000110100011
01000111011101101110101000110100011010001110111010100011
01000111100010010001111111110100011101110110111011100111
10111101011101010000010111010100011010001101000011011101
01000111011101111011101000110100011010001101000111011101
10111010100011101110110111010100011101110110111011011101
10111011011101110110110111010100011010001110111011011101
11101011011101000110010111110100011001110111000111011101
10111010100011101110110111010100011101110110111011011101
01000111011101111000001000110100011101110100100010100011
10111100100011010001110111010100011101110101000110100011
01000111111000101110101000111011101101110101000110100011
10111010011001101110100111100010111101110101000110011111
01000110100011111101110111110100001101110110111011011101
01000110100011101110100010010100011010001110111011011101
10111011011101101110111001000100011101110111000010100011
10111010100011010001111010001011101010001101000110100011
00110010100011111010011000101011101010001110111101011101
10111011011101101110110111011100111010001101000110100011
01000111011101110010101000111100010001100110111011011101
10111011011101001000110111011011101101110101000111011101
10111110100010110001010111011110011010001110111010100011
00101010100011101110101000111011101010001110111010100011
10111010010011101110110111110100011101110110111010100010
00101101011101010001110111010100011010001110111010100011
00011001011101101110100101000100011110010001000111100010
10111110100011101110110111011011101000110001000111011101
00101010100011001100110111011011101010001110111011011101
10111010100011110010010111010010011010001110111011011101
01000110011100101110110111010100011101110111010111011101
11101000100011010001110111011011101010001110111010100011
10111011011101010001101000110011000010001110111010100011
10111010011011101110101000110100011101110101000110100011
11011110100011101110110111011011101010001110111011011101
10111011011101101110100111100100011001010010111010001100
10111011011101110001001000111011101101110110111011011110
10111011011101101111001000110100011110001110111011011101
10111010100011101110101000000100011110110101000111011101
11000100100011010001110111010100011101110110111011011101
01000111011101101110101000111011101010001101000111111010
10111010011111101110101000101011101010001101000110100000
00010010010111101110101000110100011101110110111011011101
10111011011101110101001000110100011010001110111011100001
10111011011101101110110111010100011101110111010000100011
10111010100011010001111001011011101010001101000111100000
10111011011101010001101000110100011101110111111101011101
10111010100011101110101000111011101010001101000110100011
10111010100011101110100111101011101010001110111011100110
01000110100011101110101000110100011010001110111010100011
10111011011101101110101000111011101110100010111011011101
10111011011101110011001000110100011101110110111010010100
01000001011101010001010111011011101010001101000111100110
10111011011101010001100110000100011101110110111011011101
10111010100011110101101000111011101010001101000111100000
01000011011101010001110111010100010101110110111101011101
01000111011101101110110111010100011010001111010100011011
01000110100011101110101000111011111101110111100011011101
01000110100011010001110111011100011010001101000111100000
01000000011111010000101000111011101101110100101010100011
01000110100011111100001000111011101010001110111011011101
01000111011101001100001000110100011101110110111010100011
10111011011101010001101000110100011010001010111010100011
10111010100011101110110111011011101110101010111010100011
10111011011101010001101000110100011010001101000111011101
01000011100100101110111100100100011010001101000110011010
10111010100011001101110111010100010010001100110100100011
01000110010001101110101000110011001101110101000111011101
10111011101100010001110111010011010010001101000110100011
01000110100011010001101000111011101010001110111011011101
01000111011101010001111000111011101101110101000110011101
11001010100011110001010111011011101010001101000110100011
01000010100011101110100101101011101101110101000110100011
11000110010010110001010111011011101101110111001100100011
10111010010000101110110111010100011010001110111010100001
11000101011101101110101000110100001101110100110011100011
10111010100011101110110111011011101010001101000111011101
10111011011101101110101000110100011101110101000111100011
01000110100011000011111010001011101001110010111011011101
01000111011101010001111110000100011101110111100001011101
10111011011101101110100100000100011111111101000111100110
01000111011101101110100111111011101010001101000110100011
10111011011101010001101000110100011010001110111010001111
10111011011101010001101000111011101101110101000110100011
10111010100011101110101000111011101010001100100010100011
01000110100011010001001000111011101001000001000111011101
10111010011111010001110111010100011010001101000110100011
01000110100011001111010111010100010010001101000111011101
11000101011101010001110111011011101010001101000111011101
01000111111001101111010111011011101101110110111010100011
01000111011101101110101000110100011010001110111011100001
11001011100111010001101000110100011010001110111011011101
10111010100011010001111110110010110010001110111010100011
01000111011101010001101000111011101010001110111010100011
01000110100011101110110111010100011101110110111011011101
01000111011101001011110111010100010010001101000110100001
00111001100010101110101000110100011001111010111011011101
10111010100011110111010111010100011010001101000111011101
10111011011101101110110111011011101001110110111011011101
01000110100011101110110111010100011010001111000011011101
01000110100010101110110111010100011101110111010001011101
01000111011101111000001000110100011101110101000111111111
01000001011101101110101000111011101010001111000110100011
11000001011101001100001000110100011101110101000110100011
10111011011101010001101000110100011110101001000110100011
01000111011101010001101000111011101010000001000110100011
10111010100011010001101000111101011010001101000111011101
10111100100011010001110111010000101010001101000110100011
10111011011101101110101000111011101101110110111101011101
00011111011101101110110111010100011001011001000111011101
01000110100011010001110111011101010101110110111010100011
00110000100011010001110111011100101101111100101110100011
00010101011101101110101000111011101010001101000111110010
00000001011101101110111100100100011101110100101100100011
01000110100011101110110111011110001101110101000111011101
01000111101000110010111001011011101101110101000111011101
10111010100011101110110111010010000101110110111010100011
01000110000011010001110111010100011101110101000110100011
01000110100011001111001000110100011110000001000111100011
10111010100011101110110111010100011101110101000111011101
01000110100010101110100101100100011101110101000110100011
10111011011101101110110111011011101101110100110010100011
10111010100000010001101000110100011010001101000110100011
00110110011011010001110111011011101010001110111011100101
01000111011101101110110111011011101010001100110100011111
00110011100001101110100111101011101010001110111010100011
11010011100011010001110111011011101101110110111011011110
01000111101111010001101000110100011010001110111010100011
10111010100011010001101000111011111010001111010000001101
01000110100011110000110111010011100101110110111100001010
10111010100011101110101000111011101101110101000111011101
11010011100011010001101000111011101101110111110101011101
01000110100011110000100101000100011010001101000111101111
10111011011101010001101000110100011110100100110100100011
10111010010110001010110111011100111010001101000111100011
11000000100011111110001000111011101101110110111010010111
01000111100110010001101000110100011110111110111011011101
01000110100011010001110111010100011010000101000110100011
10111010100011010001111000011100100101110101000101011101
10111011100100101110101000110100011101110110111010100011
10111011011101010001101000111011101101110110111011011101
01000111101011101110110111011011101101110101000110011101
00111010100011101110100101100010100010001111000100100010
00001101011101010001110111010100011101110111011111011101
01000110011001101110101000011101000110011110111010100011
01000110100011101110110111010100011101110101000111011110
11011110100011010001101000110100011101110110111011011101
01000111011101010001101000111011101110000101000110100011
10111010100011010001101000110100011101110111000100100011
11011110100011010000101000110100011101110101000110100011
10111011011101010001010111011011101101110111001111011101
01000110100011101110111101010100011010001101000111011101
01000110100000010001110111011011101110011110111011011101
01000110100011010001111000001101001110000110111011011101
01000111011101101110101000111011101101110100101011011101
01000110100011010000101000110100011110010101000110100011
01000111011101101111010111011011101101110100111111011101
01000111011101101110110111011011101101110101000111011101
01000111011101000011101000111011101001100100111111011101
01000111011101000101101000110100011010001100111100100011
01000110100011101110110111010100011101110101000111011101
01000110100011010001101000111011101010001110111010100011
00110011011101110111011001000100011010001101000111011101
10111011011101010001101000111011101101110100001001011101
00111000100011110000010111011011101010001110111011111011
10111010100011101110111001011011101101110110111010100011
01000110100011000000101000111011101010001110111011011101
10111011011101010001110111010100011010001101000111011101
10111010100011010001101000110100000101110101000111011101
01000111011101101110101000110100011110100000101111100100
01000110100011010001101000110100011001101101000111011101
11101001011101010001110111010100011001111110111011011101
10111011011101010001110111011011101101110110111011011111
00110101011101101110110111010011010101110110111011011101
01000111011101101110110111011011101110000110111011011101
00001110100010010001110111010100000010001110111011011101
01000111011101010001110111010100001010001110111010100011
00111111011101010001101000111011101001010010111011011101
10111011101010010001101000111101001010001110111010100011
11000001011101101110110111011011101111100100110000011110
11000001011101101110110111010100011010001110111011011101
10111010100011010001101000111011101101110110111010010101
01000111011101010001110111010100011010001101000111011101
10111010100011101110101000011011101010001110111010100011
01000110100011010001111010000100011111011101000110100011
01000110100011010001110111011011101101110110111010100011
00101000100011101110110111010100011010001110111011011101
11100011011101101110100111100100011101110110111010011011
01000111101110010001101000110011110010001110111011011101
10111010100011101110110111011100110101110100100001101000
01000110100011101110110111011011101010001110111011011101
01000110100011101110100101001100110000010001000110100011
10111010100011101110111001000010011001011100101000100011
01000111110001001110011000111011101010001110111010011010
10111010100011010001101000110100011101110100011111011101
01000110100011101110110111011011101010001101000111011101
01000110011111001111110111011011101010001111000001011101
01000111011101010001101000111101001101110101000111011101
10111010100011010001110111011011101101110110111011011101
10111011100000101110110111011011101010001110111100100011
11001000100011101110110111011011101101110100111011011101
01000110100011010001101000111100100101110110111010100011
10111011011101010001110111011011101110001000111001011110
10111010011001010001110111010100011101110101000111100110
10111010100011110110101000110010110101110101000111011101
01000110100011010001001000110100011010001100111101101111
10111011011101010001110111010100011010001110111010001110
01000110100011101110101000110100011010001111011111011101
10111010100001101110101000110100011101110100001001011101
10111010011111101110110111011011101111011010111011101101
01000111011101101110101000111100000101110101000110100011
01000110100011010001101000110010101101110110111011101011
01000111110011000101101000110100011101110111001111011101
10111010100011101110101000110100011101110101000111101100
01000111100011101110101000111011101001001101000111011101
10111010100011101110110111011011101101110110111011011101
10111011011101101110101000110100011010001101000110100011
10111010100011110001010111011011101010001100010100100011
01000110100011101110110111010001100101110110111010100011
10111010100011101110110111011011101010001110111100100011
10111010100000001000101000011011101010001111110100100011
01000111101011111100010111011011101010001111000000011111
01000110100011001100000100010100001110001001000110100011
01000110010100101110110111011011101001001110111010100011
10111011011101110110000011100011110001010001000111101100
01000110100010010001111011100100011101110101000111101011
01000000100011101110110111011011101101110111011111011101
01000110100011010001101000110010011101110101000111011101
00100011011101101110101000111011101000011001000110100001
01000110011000101110110111011011101101110101000110100011
10111010011110010001110111011100111010001110111010100011
01000111011101101111001000110010011001111100111110001011
