11000000011011101111101000110000101010001111000010100011
10111010100011010001101000110100000101110101000111100010
00111011110000101110101000111011101010001101000111011101
01000111011101110011010111010100011010001101000111101000
01000110100011010001101000111011101010001111001100011101
00110000011100101110101000110100011110000001000111011101
11010000100011101110111000011011101110011010111010010010
11001110010011101110101000111011101010001110111011011101
11001010100011110110101000111110100101110110111010100011
00101010100011101110111000100100011101110110111010100011
01000110100011010001110111011101111010001101000110100011
00110101011101001011110111010100011010001110111010100011
10111100100011010001101000111100001101110111000000001100
00110010011010111110010111011011101010001000110101011101
10111010100011111110010111010100011101110110111011100101
01000111100100101110101000111011101101110110111101011101
01000010011100010001011001011011101101110110111010100011
10111011011101101110101000111011101101110110111011011101
10111011011101010001110111010100011111110110111011011101
00100101100100110001001000111011101110011011001110100011
11110111011101101110101000111011101010001100111100100011
10111010011100010001110111010100011101110101000111110000
10111100100011010001110111011111010010001110111010100011
10111010100011101110101000111100111110111010111010100011
10111011011101001100111100000100011110010001000110010101
01000011110000101110101000110100001000101101000110100011
10111011011101101110101000110011001101110101000110100011
10111011011101101110110111011011101010001101000110100011
10111011011101101110101000110100011101110101000111011101
10111011011101010001101000110100011101110101000110010010
10111010100011010001101000110100011010000010111011111000
10111010010000010001110111011011101010001101000111011101
11001011011101010001101000110100011010001101000000100011
01000110100011001110101000110100011010001100111101011101
11000011011101101111110111011011101101110101000110100011
11001100100011110111110111011011101101110101000110010111
01000110001111101110111001011011101010001110111010100011
10111011011101101110111101111011101010001110111010100011
10111011011101101110110111011011101101110100100100011110
01000111011101010001110111011011101101110110111011011101
10111011011101010001101000111011101101110101000111101001
01000110100011101110110111010010011101110101000110100011
01000110011110010001110111010100011110000010111010010101
01000110100011111011110111111011101010001101000110100011
10111010100011101110110111011100000010001110111011011101
01000101101101101110101000111011101101110101000111110010
10111011011101101110100111100100011010001101000111011101
01000111011101101110101000110100011101110100111010100011
01000111011101110001001000100011110010001101000111100101
10111010011001010001101000110100011101110100011010100011
10111010100011010001100110001011101101110100101001011101
10111011011101101110101000110100000010001101000110100011
01000111011101000010100011011100000101110100100001100001
00111010010100101110101000110011000101110111101010100011
00010011011101010001100101000100011110011101000110100011
11011101011101101110101000110100011101110110111010000110
01000110100011101110110111010100011101110101000111011101
10111011011101010001111100001011101101111010111010010110
10111010100011101110101000110100011101110101000111011101
00101010100011010001110111011011101101110101000011011101
01000110100011101110100101011100111101110110111010000110
01000111011101010001110111010011100101110110111010100011
01000111011101101111010111010011111101110110111011011101
10111011011101101110110111010100011010001110111010100011
10111011011101010001101000110100011010001111001011011101
10111010100011010001110111010100011101110110111010100011
11001100100011101110101000110011001101110110111010100011
11000000100011101110100111010100011101110110111010010110
01000110100011010001110111010100011101111010111111011101
01000110100011010001101000111011101101110101000111011101
01000111011101101110101000110000101111011000100011011101
01000110001011101111110111011011110101110111011111011101
01000111101011101110110111010011001101110110111010100011
00110100000001101110110111011011101010001101000111011101
00111111011101000111100111110100011010001111000111011101
11100001011101010001110111011100101010001110111101011101
01000000100011101110101000110011111110101000011110100011
01000111011101101110110111011011101010001101000111011101
10111011011101010001110111010001101101110100000001110001
01000110100011001010010111011110100101110110111011100001
11000111011101101110110111011011101101110111111010100011
01000110100011010001101000110100011101111100111110010111
01000111011111010001110111011100111101110101000110100011
01000111011101010001101000110011110101110110111011101111
01000111011110010001101000110100011101110110111010100011
10111110100011101110110111011011101111001010111011100011
01000001011101101110110111011011101101111101000110100011
10111011011101101110101000110100011101110101000111011101
00000110100011010001100101001011101001010101000110011000
10111011011101101110100100010100011110100010111011011101
01000111011101010001101000111011101010001101000111011101
11011001011101110111001000101011101001111101000110100011
11010001111101101110111110111100000101110110111011011101
01000111011101101110111001000100011010001110111110100011
10111010100011101110111011000100011110001110111010100011
10111011011101010001110111010100010000011101000110100011
01000000100011010001101000001011101101111110111010100011
10111010100011001010111011010100011010001100111100100011
11001010100011101110110111010100011101110101000111011101
01000110001111101110110111010100011101110100101011011101
11101101011101010000100111110100011101110101000110100011
10111010011110101110101000110100011001100001000110100011
10111011011101101110110111011011101101110101000000011100
10111010011010010001101000110100011010000100010000100011
01000110011110010001101000011110011010001110111010100011
01000111011101010001010111010010101101110111010110001111
10111011011101101110111011110010000010001111100111011101
01000110100011110101000101111011101101110110111010100011
01000110011110110000001000111011101010000010111010100011
10111010100011110000101000111011101110010100110111011101
10111100100011010001110111011011101111101111000111011101
11110110100011001011110111011011101110010010111010100011
10111010100011101110110111010011010101110110111011011101
10111010100011101110101000111011101101110101000111101111
10111010100011101110101000111011101101110101000110100011
01000111011101101110110111011011101010000111000011101000
10111011011101010001101000111011101101111001000111011101
01000111101111110111001000111011101101110110111010100011
00000010100011101110101000110100011010001100101001100001
01000110100011101110101000110010101111110111110011011101
10111010100011000001010111010100011110010110111011011101
11001001011101101110101000111011101010001010111010011011
01000110001101010001111010000100011101110111000100100011
10111011111000101111100111101011101010001101000110100011
01000111011101010001110111010100011000011010111010011110
10111011011101101110111000100000011111100110111011011101
11000101011101101110110111011011101010001101000001011101
10111011011101101110110111010000110101110101000001111110
01000111011101010001111001011011101010001101000110100011
01000000011010101110101000011100100010001101000110100011
11000000100011010001110111010100011010001110111011011101
00101111101000110100010111111101001000001111001100010011
01000111011101101110101000111011101010001101000111011101
11010011011101010001110111010100000101110110111010010111
00101010100011010001111001001100111010001100101001011101
01000111011101010001101000110100011110100101000110000110
10111011011101101110101000110100011101110110111011011101
01000011011101101110110111010100000101110100101101011101
01000111100011101110111001100000111010001110111011011101
11001000100011101110111010100011110010001110111011011101
01000111110110101110111000011011101000111110111011011101
11001101100000101110101000111011101101110101000110100000
10111011011101101110110111010010100101110101000111011101
01000110001101101110110111010100011001000010111011101111
10111010100011010000110111011011101101110110111011011101
01000111011101101110101000111011101010001100100111011101
10111011011101101110101000111011101101110110111011110011
10111011011101101110110111011011101010001101000110100011
01000111011101101110101000110100011110001110111011100011
00000101011101101110111010101011101010001101000111011101
01000110011010010001110111011011101010001111001110100011
10111010100011010001101000110100011110011001000111011101
10111011101000010001010111010100011010001110111010100011
01000110100011010001101000110010101001001010111011011101
01000111011101101110110111010100011101110110111011011101
10111011011101010001110111011011101010001110111011011101
10111010100011101110100001010100011101110101000010100011
01000110010010101110101000110010111101110111100101110001
01000111100011010001001000110100011010001100110000001111
01000111011101000001001000110100011101110110111111011101
01000110001001001010110111011011101010001101000111011101
01000111011111101110101000110011010101110110111111101111
00101001011101101110110111010100011010001101000110001110
01000110100011010001110111010100011010001110111010100011
10111011011101101110101000110011110010001110111011011101
10111011111000010001101000100100011101110101000111011101
01000111011101010001110111010100011110010000101111011101
10111011011101101110110111011011101101110101000110100011
10111010010101101110110111010100011010001101000111011101
10111010011011101110110111011100010101110111000001011101
00011110100011101110110111010100011101110110111011011101
01000111011111010001110111010100011101110110111011011101
01000111011101101110101000110100011101110111110100100011
01000110100011101110101000011011101101110110111011011101
10111011011101101110101000111111111101110101000111100010
11001100100011010001111100010100011010001110111010011110
01000111111010010001110111010011011101111010111011011101
00101101011101010001101000111011101010001110111010100011
01000110100011010001110111010100011010001110111011011101
01000110100011010001100110110100011101110101000111011101
10111010100011110010110111010100011010001101000110100011
01000110100011010001101000111011101010001101000111100111
01000111011101101110110111011011101010001110111010100011
01000111011101101110110111010000000010001101000111011101
10111010100011101110111000010100011010001110111011100000
01000110100011101110101000111011101001010111000101011101
01000110100011010001100101110100011101110110111011011101
11000111011110000001111000100100011010001101000110100011
01000110100011010001110111010010111110000001000111011101
01000111011101010000110111010100011010001110111010100011
01000111011101010001110111011011101010001110111010100011
10111010100011001111110111011011101010001101000110100011
10111011011101010001101000110100011101110101000110100011
01000111011101101110101000101100011101110110111011011101
10111011110100101110101000111011101010001101000111011101
01000111100001101110101000111011101001010010111011011101
00110001011101010001101000111011101101110110111011011101
00001010100011111001001000111011110101110111001111011101
11010011011101101110101000111111010010001111011001011101
10111011011101110000001000111011101101110100101101011101
10111011011101010001100011011011101101110100110010100011
10111010011011010001101000100100011101110101000111011101
01000110100011001111101000110100011010001111001010100011
01000111101101101110110111011011101010001100100100100011
11100111011101101110101000110011010010001100111011100010
10111010100011001111111010110011111010001101000111011101
01000110100011010001100001111011101101110100111000010101
10111010100011001100011111001011101010000101000110100011
01000110100011010001101000110011111101110110111010011111
10111010100011111000111011100100011101110110111011011101
01000110100011010001101000001011101010001110111010100010
00110001100011010001100100100100011010001110111011011101
10111011100101101110110111110100011101110110111011100011
10111011011101010001110111011011101111001011101000100011
01000111011101101110110111010100011101110110111010100011
10111010100011010001110111011110111001110010111010010011
01000111100100001110010111011011101101110100101010100011
01000110100011101110110111011011101010001100111011100111
10111011011101010001110111010100011101110101000111011111
01000111100110101110101000110100011010001100101001111100
10111010011110111010110111011011101110110100111110100011
01000110100011101110110111010100011101110110111011100101
01000111110100110001010111011100010101110110111010100011
01000110100011101110101000111011101101110101000110100011
11011101011101101110111010100100011101110111001101011101
10111100001111101110100110110010011101110110111011011101
10111010100011101110110111011100110001010111010101011101
11010110100011101110110111010100011010001101000111011101
01000111100101010001101000110100011010001111110010100011
01000110100011101110101000110100011101110100101101011101
01000110010001010001110111010100011101110101000111011101
01000111011101010001101000110100011010001110111011011101
10111010100011101110101000110100011101110110111011011101
11101111101010010001111010011011101010001101000111011101
10111010100011101110101000110010110001011101000111011101
01000111011101010001110111010100000010001111000111011101
10111011011101010001111000000011011101110111110001011101
01000110100011101110101000110100011101110101000011011101
01000111011101010001100111001011101010001101000111011101
10111011011101101110110111010011111101110100110100100011
11010101011101001011100110000100011101110101000110100011
01000110100011010001111100101011101101110110111011011101
10111011011101010001101000000100011010001100100010100011
01000111011101101110110111010100011101110100110101011101
01000110100011101110100101010100000101110110111011011101
10111011011101101110110111101100100101110111000001100011
01000110100011010001101000111100111010001101000111011101
00110010100011101110101000111101100101110101000111011101
10111010100011010001111001100100011101110110111010100011
01000110000011101110111110011011101010001110111011011101
01000111011101101110101000111011101110110000111100100011
01000111011101101110111001111011101010001101000110100011
00111110100011101110110111011011110010001110111011011101
10111011011101000100110111010100011010001100101011011101
01000110100011010001110111010100011010001101000110100011
01000110001111101110101000111101011010001101000110011110
00110011011101101111101000110010101010000011000100100011
01000111011101110100001000111110010101110100010010100011
01000111100111001011001000110100011010001111000010100011
01000110100011001110010111100100011010001101000111011101
01000111011101101110101000111011101101110110111011100100
00100111011101010001101000111011101000001110111010100011
10111011011101010001110111011011101010000110111010100011
01000111110110110001101000111011101101110101000001011101
10111011101011101110101000111011101101110101000111011101
01000110100011111001001000110000101010001101000111011101
01000110100011010001101000110100011010001100111011011101
10111010100011101110110111010100011101111010111010100011
01000111011110101110100111101011101010001101000111100100
11111010100011111100101000001011101010001110111010100011
10111010100011000010101000001011101000110111011001011101
10111010100011101110110111011011101110101001000110100011
01000110100011010001110111111011101001100101000110100011
10111010001001101110100010110100011101110101000111011101
01000110100011000111101000111011101101110100001111011101
01000111011101101110111100101011101001111101000110100011
01000111100000101110110111011011101101110111010010100011
10111010100011101110110111010011111101110110111010100011
11011010100001010001100111011011101101110101000110011110
01000110100011101110101000110010010101110111000100010110
10111010100011101110101000111111000101110111101111101110
01000111011101010001110111011011101101110110111101011101
01000110001110101110111011110100000010001101000110100011
10111010100011101110101000111011101101110110111011011101
10111010100011001010000000001011101101110110111010100010
01000111011101010001110111011011101101110101000111011101
10111010100011101110101000110100011010001101000110100011
10111010100011101110110111010100011101110101000110001110
10111011011101101110110111010100011101110101000110100011
10111010100011101110101000111011101010001101000110100011
11110101101000010001110111011011101010001101000010100011
01000111100000010001100110010100011001010001000011011101
10111011011101010001111001011011101010001110111010100011
01000110100011010001101000110011001110110010111010100000
10111011011110010001101000111011101010001101000111101100
10111010100011110010001000111011101101110101000111011101
00111110100011101110101000111011101101110110111011011101
01000111101010010001101000111011101010001101000111011101
10111011011111101110101000101011101010001110111010100011
10111010100011101110110111011011101101110110111010100011
01000110100011111100011000000100011101110101000111011101
01000110011010101110101000110011010010001110111011011101
01000110011110010001101000110100011010001110111011100010
10111010000101010001101000111011101010001110111011011101
01000110100011010001111011101110000110101101000110100011
10111011100011101110101000110100011010001110111010010101
01000110100011010001101000110100011010001001000111011101
10111010010100010001110111010100011101110101000110100011
10111010001111010001101000110100011010001101000110100011
10111010100011110011001000110100011001100110111010100011
10111011011101110000001000110010100101110110111010100011
01000111011101101110110111011011101110001010111011011101
10111011011101110000101000110100011010001110111010100011
10111011101010101110111001110100011101110101000111011101
10111011101100010001101000110100011010001110111010001001
01000110100011110010100101111011101001110010111011011101
01000111011101110101101000110100011010001110111010010111
10111010011010010001101000111011101110010110111011011101
01000111011101010001101000110100011111010101000110100011
10111011110011000011110111010100011101110101000111011101
01000110100011101110100100111011101101110101000111011101
10111011011101010001101000110100011010001110111011100101
11100001100011010001101000111011101010000011011000001011
01000110100011010001101000111011101101110101000110100011
11000010100011010001101000111011101101110111001010100011
01000110100011010001101000111011101101110101000011011101
11000111011101010001111000000011111010001110111010011101
10111010100011110101010111011011101101111001000110100011
01000111011101010001110111011011101010001100101110100011
10111011011101101110101000110100001010001110111111011101
01000110100011010001101000111011101101110101000110100011
01000111101111110010001000110100011101110111011001011101
01000110100011010001101000110100011101110110111010100011
10111010100011101110110111100100011010001101000111011101
10111011011101010001111010111011101010001101000110100011
10111010100011001111010111011011101010001110111010100011
10111011011101110000101000110100011101110101000111011101
01000110100011110100010111011011101010001111011010100011
00001011011101111000101000110100011101110111010110100011
01000111011101010001110111010100011111100001000110100011
11001000100011010001110111010100011010001100111111011101
00010000100011010001101000111011101101110110111010100011
01000111011101010001101000110100011010001100100100100011
10111011011101010001111001101101001010001110111011110111
10111011011110101110110111010100011010001011001001100111
01000001011110111001100101110011000001100010111101011101
01000111011101111010110111011011101001011111101111011101
01000111011101101110110111110100011010001101000111011101
01000110100011110000010111010010010101110101000111011101
01000110100011010001110111011011101111111101000111110100
01000110011100010001001000111011101010001110111011101000
10111010100011101110100101001100110110010110111010100011
01000100010110101110110111010000011110000010111011011101
11011011011111010001101000110100011101110110111011011101
01000110100011010001101000111011101101110101000111011101
01000111101010101110110111010011111101110111011000100011
01000111011101101110110111010100001010001101000111011111
10111010100011101110110111010010010110001011001010010011
00111111011101010001110111011111100101110101000110010001
01000111100111010001101000111101010111101110111011011101
01000110100011000101111000101011101000111000110111011101
10111011100000101110110111010100011010001110111011011101
00110101100110101110100110101011101111001001000111011101
10111110100011110000010111011011101101110110111010100000
01000111011101010001111011000100011101110110111011011101
10111010100011010001101000110011100110110010111010100011
10111011100000010001110111100100011101110110111010100011
10111011011101110011001000111011101010001101000101011101
10111011011101101110110111011100101010001110111011011101
10111010010011010001101000110100011010001110111010100011
00111011011101010001111000110010100000111101000110100011
00001011011101101110110111011011101010001101000111011101
10111011011101101110110111010100011101110110111011100011
10111010100011101110110111010011001101110110111010100011
01000111011101010001101000110100010111100001000110100011
10111010100011010001110111010100011010001100111101011101
01000110011000010001110111010100011010001110111011011101
10111010100010010001110111011101010001100110111010010101
01000111011101010001110111011011101010001110111010100011
01000111011101101110110111010100011101110110111011011101
10111010100000010001101000111011101101110110111010010011
10111011100100101110101000100100011101110110111011011101
01000110100011010001101000011011101101110111011011011101
01000111011101010001101000110100011101110110111011011101
10111010100011010000001000111011101110110010111011100111
10111010100011010001101000110100011101110101000000001011
10111011011101110010110111011011101101110101000110100011
00110101011101101110111001011011101010000111001100100001
10111010100011110010001000111011101110100110111011011101
10111010100011101110110111010100011010001101000111011101
01000011101110101110110111010100011101110101000110100011
11001010100011010001101000111011101110010000111000100011
01000111110010101110101000110100011101111110111010100011
10111011011101110101111010100011011010001110111010011101
00011010100011101110101000110011101101110110111011011101
10111010100011010001101000111011111001111010111010100011
10111010100011001110001000111011101111011111000111100001
01000110100011110011110111011011101101110101000110100011
00111100100011010001111011010100011110110001000110100011
01000111011101010001110111011011101010000000101100001100
01000110100011010001101000111101100110011010111010100011
00110110100011010001111000101011101010001100000111011101
10111010100011101110101000110011111010001110111011011101
01000011011101101110110111011011101010001110111111011101
01000111011101010001100101110100011010001101000110100011
00100010100011010001111001100100011010001110111010011111
10111010100011010001110111011011101101110101000111011101
01000111110011010001101000111011101101111101000111011101
01000111011101101110110111010100011110000101000111011101
01000111011101000101010111011011101010001110111010100011
10111010100011101110101000110100011010001101000110011110
11101111011101010001110111011100101101110110111011011101
10111010011100010001110111111011101010001101000111011101
01000110100011001011010111010100011010001110111011101100
10111011011101101110101000111011101101110101000111110000
10111010011111101110110111010100011110010010111010010110
01000111011101010001110111010001100101110101000111011101
00101101011101010001110111100100011010001110111011011101
01000110100011010000001000111011101110000110111011011101
10111011011101101110110111010100011101110101000110100011
01000110100011010001110111011011101101110101000111011101
01000111011101010001100101100010011101110111101001011101
01000111111001010000111001100100011000111110111011011101
10111011011101010001110111010100011010001110111010100011
10111010100011010001100111000010101010001100001100100011
01000111100001101110110111011011101010001110111010100011
01000111100010101110101000111011101010001101000110100011
01000110100011010000100110010011010010001101000110100011
01000111011101010001110111101011101101110101000111011101
00110110100011101110101000111100101010001101000111011101
00111011011101010001101000111011111010001101000111011101
00111010011111010001101000111011101101110110111011011101
01000111011101101110110111110100011010001110111010100011
01000110100011010001100100011011101010001111001101011101
10111010010101010001101000111011101101110101000110100011
01000111011101110110010111011101000101110110111011011101
10111011011101101110110111011011101101110110111011100001
00110010000000101110101000111011101110011110111010000000
01000110100011010001110111011011101101110101000111100101
10111011101011010001101000110100011101110101000111011101
10111011011101101110110111011110000010001101000110100011
00001010100011110100011101001100101010001101000111011101
11000101011101101110110111010100001101110101000110100011
01000111011101101110101000110100011101110101000110100011
00111000100011101110101000111011101101110100111111011101
00001101011101101111001000110100010010001110111100100011
10111011011101101110101000011011110101110101000110100011
01000111100110101110101000111011101010001110111010100000
01000111011101010001100111011011101010001100100000011011
01000111011101111110111001000100011010001101000111011101
10111011110001111000001000110100011101110100100101100011
10111010100011001101101000110100011101110111001000100011
11011001011101010001100101011011101010001110111101101100
01000111110110101110101000110100011010001101000010100011
00100100100011010000010111011011101101110110111010100011
10111011011101101110111000110100011101110100111101011101
10111010010110010001100101111011101101110110111010011111
00100100100011000011110111010100011101110101000110100011
10111011101111110001101000110100011101110110111011110001
01000111011101110001110111010100011110111001000111011101
01000111100010010001111001001100011001011110111101011101
00111111011101101110101000110100011010001110111011011101
10111011011101010001110111011011101010001110111010100011
10111011101100001000010111010001111010001101000111011101
01000110100011010001001000111011101101110101000111011101
10111010010111101110110111010001111101110101000110011110
00100110100011001110010111010100011010001110111010100011
10111011011101101110101000111011101101110110111011011101
10111011011101010001101000110100011010001101000111011101
01000110100011101110101000111101011101110110111011011101
01000110100011101110101000110100011101110101000110100011
11000110000000110001001000110100011101110110111010100011
01000111011110110000011000011011101010001111000111011101
01000111011101010001100101100100011101110100010010100011
01000110011111101110110111011011111101110101000111011101
01000110100011010001101000110100011110101010111011011101
10111011011101001100101000010100011010001110111010100011
01000111011101110000001000110100000010001110111010100011
01000111011101101110101000110100011010001101000110100011
10111011011101010001101000110100000010000100110011011101
10111011011111111001001000101011101010001101000111011101
01000110100011101110110111011011111010001110111011011101
10111010100011101110101000111011101001010010111011011101
01000110100011101110101000111101011010001111010111011101
11000110100011010001101000110100011101110101000110100011
01000110011010010001101000111011101010001110111010100011
00100001101010101110110111010100011010001110111010011010
01000110100011010001110111100100011010001101000110100011
10111011110011010001110111011011101111100110111011011101
01000110011100010001110111010001001110111001000110100001
01000111011101101110101000110100011010001100110001011101
10111011100100010001110111010100011010001111000111011101
10111011011101101110101000010100011101110110111010100010
11010011110111010001101000010100010010001110111010100011
11001010100011010001110111011011101101110101000110001011
01000110100011101110101000111011110101110100001001011101
00001100100011010001100000101011101101111101000110100011
01000110100011101110110111011011101101110110111010100011
01000110100011101110110111010100011010001101000111011101
10111010100011010001110111011011101010001101000110100011
00110100100011101110100101001011101111011110111011100011
01000110100011010001110111010100011101110110111010011101
00100001100101010001110111010011001101110101000111011101
01000111011101010001110111010010110101111101000110000110
01000110100011010001101000110010010001011001000111011101
10111011111000101110110111010100011101110100101011011101
10111010100011010001110111110100011010001101000111011101
01000110100011010000101000111011101101110101000111011101
01000110100011010001110111010100011101110110111010100011
10111010100011101110101000110011101101110101000111101111
10111111011101010001101000111011101101110101000110011000
10111010100011101110101000111011101010001100010100100011
01000111011101101110110111011111010010001110111011011110
10111010100000010001110111011011101010001101000110100011
10111010100011101110101000111011101101110101000111011101
01000111011101101110110111010100011010001101000110100011
00111000100011010001111000100100011010001110111010100011
00101111011101010001101000110100011101110110111011011101
10111011011101010001110111011011101001010011000110100011
01000110100011010001111000011101001010001101000111011101
10111010100011001000001000110100011010001110111011011101
10111010100011010001101000110100011110100001000111011101
00100111011101010001111001101011101110001110111011011110
11000111111101010001110111010100011010001101000111011101
01000110001100010001110111010100011010000001000111011101
10111010100011010001110111011011101010001110111010100011
01000110001010101110110111010100011101110101000110100011
01000110100011010001100011110100011010001110111010100011
10111011011101101110101000111011111101110110111011100111
11010000100011010001110111010100011101110110111011011101
01000110100011000111110111011011101101110110111011011101
10111010100011101110101000101011101010001101000110011001
01000001110000101110110111010100011010001110111010100011
10111010100011101110110111010010010101110101000111011101
01000110010101101110110111010100011110000101000110100011
10111010100001001001001000110100001010001101000110001101
00011101011101101110101000111011101010001101000111011101
01000111011101001001001000001011101101110101000111011101
11010001011101001110101000110100011101110110111010100011
10111010100011101110100100010011001010001110111011011101
01000110100011101110111010010100011110011101000111011101
10111011011101001111001000011011101001011001000111011101
01000111011101001111010111011011101110110010111011011101
01000110100011000000010111010100011010001110111010100011
01000111101111101110101000110100011101110101000111011101
01000111011101101110110111011101011001101010111010100011
01000110100011101110100100011011101010001101000111100010
00110010100011101110110111011011101010001100100011011101
01000111011111101110111010100100011101110111000110100011
10111011011101101110101000110100011010001110111010100011
10111011011111101110110111010011101110111110111010100011
00111010100011110110010111010100011010001110111010100011
01000110100011010001001000110100011001100101000111011110
10111010100011010001110111011011101101110110111011100110
00110001011101101110110111011011101101110110111010001101
01000111100000010001101000111011110010001110111010100011
01000110100011101110110111110100011010001111010100010001
11010100100011010001110111011011101010000111001100100011
00110100011101101110110111011011101101110101000110011101
10111010010110010000101000111011101010001101000110011111
00010100011010010001110111011011101101110100010111101001
00101110100011010001111010110100011101110111000001100100
10111010100011010001101000111011101001110111000110100011
10111011110110010001110111010100011010001100011100001111
01000110100000010001110111011011101001101011001100100011
01000111011101010001101000111011101111001010111011011101
10111010100000101111101000111100110101110101000110100011
10111010100011001011101000110100011010001101000110100011
01000111011101101110101000111011101101110101000000100011
10111011110000111111111100100100011101110101000110100011
01000111100100000001010111011111100101110110111011011101
11001101011101010001110111010100011101110100111101011101
01000110011000001110110111011011101101110101000111110111
01000110010111010001110111010100011101110100101101011101
11000011011101101110110111010100011101110100010011011101
01000111011101101111101000001011101010001101000110100011
01000110100011101110101000111011101110111100111011011101
10111011110110010001100111100100011101110101000010100011
10111011110011010001110111010010110101110100110110100011
10111011011101101110110111011011101110001110111011011101
01000100011001101110110111010010101101110111001001011101
11010101011101001111110111010100011101110101000110100011
10111010100011010001101000111011101000101110111010100011
10111011100000101110101000110000111010001101000110100010
01000111011101101110110111011011101101110110111011011101
10111011100010001101010111010100011010001101000111011101
10111010100011010001110111011101001010001101000110100011
10111010100011010001110111011101011010001101000110100011
01000110100011010001101000110100011010001101000110100011
10111011011101101110101000111100100101110101000111011101
01000111011101010001100101100100011010001110111010100011
00110100100011101110110111010100011101110101000111101010
11001000100011001011110111011011101110001101000110100011
01000111011101101110100101001011101101110101000000100011
10111010100011010000101000111011111001000111011011011101
10111110100011010001110111010001011010001101000111011101
10111011011101101110110111010100011101110111010110100011
01000110000010001110101000111011101010001100111111011101
10111010100011010001101000111011101110010100111110011110
00100111011101001001010111011011101101110110111011011101
10111011011101010001110111011111111101110100110001011101
00111101011101010001101000110011000101110111000111011101
10111011011101010000010111010100011101110110111010100011
11000010001100111110110111010100011010001111110010100011
01000110100011101110101000110100011001101000010110100011
10111010011011110101000111001110001101110101000111101101
01000110100011101110101000101011101101110101000110100011
10111010100011010001110111010100011010001100110011101010
01000110100011110100001000111011101000100110111011011101
01000110100011010001101000111101000010001110111011100101
01000000011101010001110111011011101110011011110010100011
00101111011110010001100110011011101101110101000111100110
01000111100111010001101000110100000101110101000011011101
01000111011101010001110111010100011010001110111010100011
10111010100011101110100111101011101010001110111010100011
00111100010111010000011111111011101010000110111010000000
10111010100011101110111000001100010110000000010111111010
10111011011101101110110111010100011001101001000111011101
01000111011101000011001000110100011101110100010100100011
10111010000111101110110111010100011001101101000111011101
00111100100011010001111000011100011010001110111010010100
00110010100011010001110111011101011010001110111010100011
10111010010111101110101000111011101010001010111010011111
01000110100011001100010111011100010010001110111010100011
01000110100011101110110111011011101010001110111011011101
11001101011101010001100101111011101010001101000110000110
01000110100011101110110111010011111010001101000110100011
10111010100000101110101000110100011101110110111010011011
01000111011101101110110111010011111101110111001111011101
01000110100011010001100111010100011010001101000110100011
11000110100011101110110111011011101010001101000101011101
10111011011101000100000111001101101010001110111011011101
01000111011101010001101000110100011110101110111101011101
01000110100011101110110111011100000010001101000110100011
01000111111010010001101000110100011010001101000110100011
01000111011101101111100010111011101110100010111010100011
01000111011101010001101000110100011010001101000111110001
01000110100011101110110111011011101010001110111010100011
01000110100011010001110111011011101010001101000111011101
10111011110100101111010111010100011010001110111010100011
10111011011101101110101000111011101101110110111011100010
01000111011101101110110111011100001110000110111010100011
01000110100011010001101000111011101111010101000110100011
01000111011101101110111100010100011010001110111011011101
10111010100011110001011000011110001101110110111011011101
01000110100011010001111000001011101010001110111010100000
10111010100011001111101000111011101010001110111011011101
01000001011101101110110111011011101010001111011101011101
10111010100011101110101000110100011010001110111010011101
10111010100011101110101000111100101101110110111010100010
10111010100011101110101000110100011101110110111010100011
01000110010010101110100110001011101101110101000110010100
10111010100011010001110111010001001010001001000111011101
01000110011010010001110111010011010101110101000100010110
01000111011101010001111110011101110010001101000110000000
11011010100011010001101000110100011010001100111101110010
01000110100011010001101000111011101101110110111010100011
01000110100011101110101000111011101101110101000111011101
11001010100011010001101000110100011110100111100011011101
01000110100011010001110111010100011001100111001001011101
11100000100011010001110111010100011101110111001000100011
01000110100011010001110111011011101001111101000110010001
01000111011101010001110111010100011101110110111011011101
01000110100011110100110111010100011110110000001011011101
01000101011101110111011011110100011001111001000111011101
01000111011101101110101000110001010010001101000110100011
10111010100011101111001000111011101010001101000111011101
10111011011101001111010111011011101101110101000111011101
01000110100011010001011001101011101110000110111110100011
00110111011101101110110111011100111101110110111011011101
10111010100011101110101000110100000101110101000111100011
11001011011101110100111001000100011101110101000111011101
01000111011101010001110111011111001010001100111110100011
01000110100001101110110111010100011101110111011111011101
01000111011101101110111011000100011010001110111010100011
01000110011011101110110111011101101010001110111011011101
00101111011101010001100000010100011010001100110010100011
01000111011101010001110111011011101010001110111010100001
00000001011101010001101000110100011101110110111011011101
11000001101001101110110111010100011010001110111011011101
01000111101011101110111000001011101110011010111011011101
10111101011101101110101000000011001010001111000001011101
10111011100000010001101000110011100010000100111101011101
01000111011101110101010111010011011111110000110100100011
01000111011101010001110111010100011111011101000111011101
10111011011101010001111100101110110101110110111010100011
01000111100011101110110111010001001000100101000110100011
11010100100011111001110111011011101010001101000111100001
10111011011101010001101000110001111010001110111011011101
00101011011101001101001000110100011010001101000111011101
01000110100011101110110111010100011001110010111010100010
01000111011101101110110111011011101001010001000110011111
11001011011101010001110111010100011101110110111010100011
10111011011101010001110111010100011110000101000111011101
01000111011101101110110111011011101101110110111111101000
00110100100011101110110111011011101101110101000110100011
11000001011101010001110111011011101111011001000110100011
01000110100011010001101000111011101010001101000110100011
10111101011101010001101000111011101010001101000110100011
10111010100011101110101000111011101101110101000110100011
11010011011101101110101000110100011010001101000010000110
11001101011101001000110111011011101010001101000111101100
11100001011101001010001000111011101110100101000111100100
10111010100011000101010111010100011010001110111010100011
10111010100011101110110111010100011010001101000110100011
01000000100011110001111001100100011101110110111011011101
01000011011101010000100010001011101101110110111011011101
10111011011101101110101000110100011101110101000110100011
01000110100011010001110111011011110110000010111011011101
01000110100011101110101000110001010101110110111101011101
01000110011111101111001000111011101101110101000110100011
01000111100101010001100100011011101010001110111011011101
00001000100011010001101000110100011110111110111011011101
11000010100011101110110111011011101101110111100001011101
01000111011101101111001000111011101010000010111010100011
01000110100011111010001000111011101101110101000000100011
10111010100011101110110111010100011010001100110111011101
01000110100011101110101000111011101101110101000110100011
10111011011101101110100100001011101110001001000110100011
01000111011101010001100111011011101101110110111010100011
10111010010010010001101000111011101010001101000111011101
11000110100011010001101000110100011101110110111010100011
10111010100011101110110111010100011101110110111010100011
10111011100100010001101000110100011101110110111011011101
11011100100011010001101000111011101101110110111010100011
01000010100011101110101000110100011101110101000110100011
10111010100011101110101000110100011101110101000110100011
10111011011101001101110111010001111101110101000110100011
01000111011110101110110111011011101101110110111010100011
01000111101010010001101000110100011101111000010000100011
01000110100011010001101000110100011101110100111110100011
01000110100011101110110111011100100001011101000111011101
11000001011101010000111000100100011101110110111010100011
01000110100011010001101000110100011010001110111011011101
10111011011101101110110111011110010110100000101111011101
10111010100011101110110111011110100001111001000111011101
01000111011101001101010111110100011110011100100010100011
11001001100110010001110111011011101010001100111101101010
01000110010101000110110111011011101010001101000111011101
01000011011101010001101000111011111010001111010001011101
01000111011101101110110111011110000110100001000110011101
01000110100011000010001000111011101110001110111010100011
11001110100011101110100001000100011101110110111010100011
10111011011101000100111001101011101010001101000111011101
10111011011101111111101000111011101110000011010110100011
10111101101000101110101000111011101110010001000111011101
00101111011101010000100001010011101101110101000111011101
11011000100011001011001000110100011110010010111011011101
01000110100011010000101000110011110101110110111010100011
01000111011101010001110111010011001010001101000110100011
01000110100011010001110111011011101010001110111010100011
10111101011101101110110111011011101010001101000111011101
00000110100011101110101000110100011101110110111010100011
10111010100011001000001000110100011101110100111110100011
01000110100011010001110111011100101110011001000111111011
11001010100011010001110111011110011010000101000111011110
10111111011101010001110111011011101000010001000110011111
11011111101110001111101000110100011001101111000001011101
10111011100100101110110111011011101010001110111011011101
10111010100011101110101000110100011110011010111010100011
10111010100011010001100100010100011101110110111011011101
01000110100011001011111100001011101010001110111010100011
10111010100011110011110111010100011110001110111010100011
01000110100011001111100110010100011110110101000110100011
00111101011111010000001000110100011010001110111010100010
11101100100011101110101000111011101010001110111010100011
01000110100011010001100100010011110000101101000110100011
01000111011101000000011010111110011101110111000101011101
