01000110010110101110111000001111000110100100111100100011
11000000100011111010001000111011110101110110111010010111
00111101011101110001001000111011101001101001000111011101
00111101100000101110101000110011110010001110111011011101
01000111011111101110110111011011101010001111001000100011
11110100100011101110100111100100011101110110111010100011
01000111011101101110110111010100011101110111100110100011
10111010010110101110110111010100011101110110111011011101
01000111011101010001101000111100000010001110111010010110
10111011011101101110100110110100011101110110111011011101
10111010100011010001101000111011101010001110111011011101
10111011011101101110101000110100011101110101000110100000
10111010100000010001101000111011101101110110111010100011
10111011011101101110100101011011101000011101000110100011
10111010100011010000111010011011101110010111011100001100
00110100100011101110101000111011101010001101000110100001
10111010100011010001110111011011101110001110111010000100
01000110011111101110101000111011101010001101000111011101
01000111011101110011001000110100011010001110111010100011
01000111011101101110110111011011101010001101000111011101
10111010100011110111101000110011100010001110111010100011
11000010100011010001100111000100011110001010111010100011
10111011011101101110110111010100011101110111000011011101
01000111011101010001101000111101011010001110111010011010
01000110100011001111110111111011101010001101000110100011
10111011011101010001110111011011101110000110111011100111
10111011100010001100110111010100011101110101000110100011
01000110100011101110110111010100011010001100011001011101
10111010100011101110111010001011101110011001000111011101
11011000100011101110101000101011101110010101000111011111
10111010010110010001110111010010011010001111001011011101
01000110100011101110110111011011101000100011011001011101
01000111011101010001110111011100010001100010111110100011
10111011011101010001110111011100011001111001000111011101
01000110100011101110101000110100011010001110111011101010
11010000100001010001100111010100011101110101000111011101
00111000000011001100100000001011101101110101000111011101
01000110100011000101011001010100001010001111000100100011
01000110011000000011010111011011101010001101000110100011
10111010011101101110101000110100011010001101000110100011
11010100100011010001101000110100000010001101000111011101
00101110100011010001101000110100000001010010111011101110
10111011011101101110110111011011101010001010111010100011
01000111011101010001110111011011101010001101000110100011
01000110100011101110100110000100011010001101000110011110
01000111011101101110110111011011101101110111011111110000
01000111011101010001110111010100011101110101000111011101
01000000011010101110110111010100011010001111010100010001
01000111011101010001101000110100011110111010111011011110
10111011011101110101110111010100011101110100111111011101
10111010100011110001010111010001001010001110111011011101
01000111011101010001100111000100011101110101000110100011
01000110010101000110101000111011101101110110111011011101
10111011101001101110101000111011101010001111011101101000
01000111011101101110101000110100011101110101000110100000
01000111011101101110110111010100011001111001000100100011
10111100100011101110110111011011101101110110111110100011
01000111011101010001110111010010111101110110111010100011
01000110100011111000010111010100011101110110111011011101
01000111101111010001101000001011101010000111001001011101
10111011011101101110101000000100011101110100110101011101
01000111011101111100110111010100011010001110111011011101
01000111011101010001101000110100000101110101000110010000
01000110010011010001101000110000011101110110111011111011
01000110100011010001110111010100011101110110111011100000
01000110100011101110110111010100011101110100000000100011
10111010100001101110111010100100011111111101000110011101
01000111011101010001101000110100011010001100101111011101
01000110100011010001101000110100011000010010111011011101
10111011011101101110110111011011101001110110111011011101
10111010011111101110100110110100011101110101000110100011
01000111011101101110110111010100011010001101000110100011
10111010100011101110111001101011101101110110111011011101
10111010100011101110101000111011101010001110111010100011
01000111011101101110100101110100011101110110111011011101
10111010100011010001101000111011101010001110111011101001
01000110100011001111010111011011101001011111001000100011
01000110100011101110101000110100011101110111001010100010
10111010100011010001101000111011101010001101000110100010
10111011100110101110101000110100011001111001000111100001
10111010011010010001101000110100011010001110111010010000
10111011011111110110110111011011101010001101000111111100
01000111011101001111010111011011101110000010111010100011
00000110100011101110101000111011101010001101000110100011
10111010100011010001010111011011101101110110111011011101
11001111011101010001111010000100011101110101000111011101
01000110100011101110110111100011000010001110111010100011
11011000100011110010110111011101010001100101000111011101
01000111011101010000110111011011101101110101000111011101
10111011011101010001110111010100011010001110111011011101
01000110100011101110110111011011101001011110111011011101
10111010100011101110101000110100011111011001000111110000
10111010100011010001101000111011101101110100111111110011
01000110100011010001110111010010001010001110111011011101
00111100011110101110110111011011101010001110111010100011
01000111011101010001110111011100000010001101000110100011
00111110100011101110101000110100011010001101000111011101
10111010100011010001101000110100011010001110111011100010
01000110100011010001100101000011101111111000010111011101
10111011111100101110110111010010111010001110111110100011
10111010100011110001010111011011101010001101000110100011
11011010100011101110101000110100011010001101000110100011
01000111011101101110110111011011101111100010111011011101
10111010011011101110101000111011110010001110111011011101
10111010100011010001110111011101000010001110111010011111
01000110100011101110100101100011001101110110111011011101
10111010011111010001101000111110110010001110111010100011
00111110100011010001110111011011101010001101000111100000
00010110100011101110101000110100011010001110111010100011
00110011011101101110110111011011101001001001000110100011
10111010100011101110101000110100011001110101000111011101
10111010100011010001100001110100011010001110111010100011
01000110001011010001101000110100011110011010111011011101
01000110100011010001101000111011110010001111100010011011
01000110100011010001110111011011101010001101000110100000
01000110011000110111101000110100011010001101000110100011
10111010100011001000001000110100011010001101000110100011
01000110100011010001100101110100011000111001000111011101
01000110011001010001101000110100011010001110111010100011
10111011011101101110110111011011101010001100101010011100
10111010010110101110101000110011000010001101000110100011
10111010010001001011100101110100011010001100100100100011
11001011011101101110110111011011101101110110111010000000
10111010100011101110101000111100110010001111000100011110
10111010100011010001110111011011101010001101000110011110
11000011011101010001110111011011101101110110111011011101
01000110100011000001000100101110000010001110111010100011
10111010100011010001110111011011101001100001000111011101
10111011100101010001110111101110110110000001000111011101
10111011101000010001111001100100011001111010111010100011
00100100100011101110110111011011101010001100110011011101
01000011011101001100110111011011101101110101000111011101
01000110100011101110101000111011101101110100100000000000
10111010011010010001110111010011000010001110111011100100
10111011011101010001100001010100011111000101000111110000
10111011011101101110110111010001111010001110111010100011
10111010100011101110110111011011101010001101000111100111
01000111011101000000010111011011101110001001000110100011
01000110100011101110101000111011101101110110111011011101
01000111011101101110100111011011101010001110111011011101
01000111011101110000100111010100011101110101000111011101
01000111100001101110110111010100011001110010111010100011
01000111011101010001100111010100011110010010111010100011
10111011011101111111010111010100011101110110111010100011
10111010100001111101111000000100011101110111100101011101
10111010010011101110110111010100011101110101000110000001
01000111011101010001100011101011101101110110111011100000
10111011011101101110101000111011101010001110111011011101
10111010100010010001110111011100001010001110111011011101
01000110100011111101001000110011010101110100100000011101
10111010011101010001100111011011101101110110111010100011
10111011011101110000001000001011101001110101000101011110
01000111011101101110101000110100011010001111000000100011
01000111011101101110110111011011101010001100111110100011
01000111011101010001110111011011101101110111010000100011
11000111011101010001110111010100011101110110111010001011
01000110100011101110110111010100011110011010111101011101
10111010011011101110110111011110001101110101000111011101
01000111011101010001101000111011101101110101000111011101
01000110011001010001110111100100011010001010111011011101
01000110100011101110110111011011110010001110111011011101
10111010001101101110101000110011110101110101000110100011
01000111011101101110110111010100011010001100110111011110
00110011011101001001001000110100011010001111001101101111
10111011011101101110110111011011101010001110111010100001
11011010100011110101000100100100011101110111100111101001
01000111011101101110110111010100011101110101000110011011
01000111101011010001101000111011101101110110111011011101
10111011100011101110101000111011101010001111011010100011
00100011011101110010001000110100011101110110111011101111
00111011011101101110110111010100011101110101000110100011
01000111101000000101101000011011101110010010111010100011
01000110011100010001111010110100011111000010111010010010
01000100100011110101010111010100011101110110111011011101
10111010100011101110111001000100011101110101000110100011
10111010100011101110110111010010100010001101000111101001
01000111101000001110001000110100011010001110111011011101
10111011011101101110110111101011101010001110111011011101
01000111011101001000110111011011101010001110111011011101
01000110100011101110101000110100011101110101000110100011
10111010100011010001101000111011101101110110111011011111
01000110100011010001110111010100001101110100101111011101
01000110100011101110111000110011110010001111000100100000
10111010100011101110110111011011101010001101000110100011
10111010100011101110101000110100011010001101000111011101
10111010100011010001101000110100000010001110111011011101
10111011011101101110110111011101011010000110111011011101
01000111011101010001110111011011101010001110111010100011
10111011011101010001110111011011101010001101000110100011
10111011011101001000010111011011101101111010111011011101
10111011101001010001110111010100011101110101000111011101
10111011011101010001001000111011101110111101000111011101
11000001011101110010101000111011101101110101000111011101
00001011011101110011101000111011101101110101000111011101
01000101011101101110101000111011101111101101000110100011
01000111011101101110101000111011101101110111000000001111
10111010100011010001110111010100011101110110111010100011
01000110000111110000110111010100011101110110111010100010
10111010011100101110110111010010010101110110111010100011
01000111011101010001101000111011101010001101000111011101
10111011011101101110101000110011101010001111000001011101
00110001011101110101010111011011101010001110111010000100
11011000100011110011001000110100011101110100111000100011
10111010100011010001101000111011101101110111011100100011
00111000100011010001110111010100011110101111011001011101
11000111011101010001100101101100010010001110111100100010
01000110100011010001111001001011101001111001000110100011
00110000100011101110100101100011010001100101000101101001
01000111100001101110111011011011101101110101000110100011
01000111110011001001010111010100011010001101000111100010
10111011111011010001101000010011010010001110111010100011
01000110100011010001101000110100011110110010111011100000
10111011011101101110111000000100011101110100110101100110
00001111011101010001101000111011110101110101000110100011
00110110011111010001111010110100011001111101000110100011
00101110011100101110110111011011101110100110111011101000
00111001100100010001110111010100011101110101000110000101
01000000100011101110110111010100011001100001000101011101
01000111011101001111101000110100011010001110111011011101
01000110100011010001101000110100011101110101000101011101
10111011101000110000010111110100011010001110111011111111
01000111100110001110001000110100011101110101000110100011
10111011011101101110110111010100011010001101000110100011
11000000100001101110110111011011101101110110111011011101
01000111011101010001111001100100011101110101000110011101
10111011011101010001101000111011101101110110111011011101
10111011011110110101101000111011101010001110111011011101
01000111011101110010101000110100011101110101000111011101
10111010011000010001101000111011101110010001000110011101
10111011011101101110101000111011101101110110111010100011
10111010100011010001110111010100011101110110111010001110
10111011011101010001101000111011101010001101000110100011
01000110100011010001110111011011101101110110111010100010
01000000100001101110101000111011101001101101000111011101
10111010010010010000110111011011101101110100011000100011
10111011011101001010010111010100011010001101000111011101
11001101100001010001101000110100011010001110111010100011
10111011011101101110110111011011101010001101000111011101
01000111100011010001110111011011101101110101000111011101
01000110011000101110101000111011101101110101000110011110
00111111011101101111100110011111111101110110111011110011
10111010100011010001111001000100011101110101000111011101
01000110100011101110110111010011001010001110111010010011
01000111011101010001101000110100011101110110111010100011
00010010100011010001101000111011110010001101000111011101
10111011011101101110101000010100011001111110111011100000
10111010100011010001101000110100011111001101000110100011
10111011011101110110110111010100011010001101000110100011
10111110100011101110110111011101100101110110111010100011
11001100100011101110101000111011101010001100110100100011
11011100001010001111010111011011101101110110111011100101
01000110000000101110101000011011101001000110111011011101
10111010100011010001110111011011101010001111001110100011
11000011101010010001110111011011101001110101000101011101
01000110010001101110100101010100011010001111001110100010
01000111011101101110110111011011101010001101000111011101
01000111011101010001111000001011101101110101000111011101
10111011011101010001110111010100011010001111001110100011
10111011100000010001101000110100011101110111100101100101
11010011011101101110110111010100011101111100110101011101
01000111011101010001101000111011101101110101000111100010
10111011011101101110101000111101011101110101000010011101
01000111110110101110100010111011101110010011000011100000
10111010100011010001110111010100011101110101000110001111
11010101011101010001101000111011101110110010111010100011
01000110100011010001110111010100011101110110111010100011
10111011011101010001101000111011101010001100100101110000
01000110100011001001110111101011101101110101000000100011
10111011011101010001110111010100011010001101000111011101
01000110100011110000110111011011101101111001000110001111
01000111011101010001111100000100011010001100110001011101
01000110100011101110111000011100001101110101000111011101
01000111011110010001110111010100011010001111001001011101
10111111011101010001101000110100011101110101000111011101
10111011011101101110110111010100011010001110111011011101
01000111011101010001101000110100011101110101000111011101
01000110011110010001101000111011101101110101000110100011
10111011011101101111000011111101001101110110111011011101
10111010100011001110011000000100011101110101000110100011
01000110100011110000010111010100011010001101000110100011
10111010010010101110110111011011101101110110111010010011
10111010011001101110101000111100110010001101000011011101
00110111011101101110100110010100011010001110111011100001
00001011111010101110110111011011101001111011001001011101
01000111011101001111011010011011101010001111011000100011
01000110100011101110101000010100011101110111000010100010
00101111011101110000010111010100011101110110111011101110
10111010011011101110110111010100011101110100100101011101
10111010010010101110111100000001000010001011001010100011
01000111011101001011001000110011100101110110111011011101
01000110100011010001101000111011110010001110111011011101
01000110100011010001110111011011101010001110111011101001
00111110100011101110101000110100011101110100111010100011
01000111011111111001110111010100010010001101000110010001
01000111011101010001111110110100011010001101000111011101
01000110100011001001101000010100011010001110111100100011
01000110100011010001101000110100011101110110111011011101
10111011011101101110110111010100011110011001000110100011
10111010011011111110111101110010111010001100110010100011
00111001101000010001101000110001111010001101000110100011
10111011011101101110110111010000101101110110111011110100
10111010100011110011001000101101111001101010111011011101
01000111011101110010001000110100011110001101000110100011
11010010100011001010101000111011101101110110111011100010
11001101011101000001001000111011101010001110111010100011
01000111011101101110100010110100011101110111001000100011
10111010100011001010101000111011101010001100111100100011
01000110011100010001110111011011101110100011010110100011
10111011011101010001110111010100011101110110111010100011
11100001100010010001101000111011101001011101000110100011
10111011011101110000101000110100011010001101000011101101
01000111011101101110110111011011101101110100111101011101
11101100100011101110101000111100000110111101000110011111
01000111011101110100101000111011101101110110111010011011
11001000100011010001110111010100011111000110111011011101
10111011011101001011001000111101100001000011010000100011
10111011011101101110101000111111110101110110111010100011
10111010100011010000101000111011101010001101000111011101
01000010100011010001110111011011101110111101000110100011
00100010010011101110100101001011101101110110111010100011
01000111101001101110100100111101101010001101000110100011
01000111011101101110100111000100011010001101000011110010
10111010100011001111001000110100000001011010111110100000
00111010100011000110000100000010011111000010111010100011
10111011110100111001010111010100011101110110111010100011
01000111011101010001101000111101100010001101000110011111
10111011100001101110100110010011010001011101000100100011
01000111011101101110110111101011101110000110111011011101
01000111011101010001110111010100011110101000111110100011
10111011100011010001101000101011101101110110111010100000
01000110100011010001110111010100011110110010111011011101
01000110100011110010010111010100011101110101000111011101
01000111011101001010101000111110110110110001000110100011
01000110100011010001111010010100011010001100111111011101
11001001011101010001101000110100011010001110111011011101
01000110010110010001101000110100011101110100101100100011
10111011011110101110110111010100011010001101000111011101
10111010100011101110111000111101010101110100110100010101
01000111011101010001110111010010010010001101000110100011
01000110100011110001010111011011101101110110111011100000
10111010010111101110100110101011101010001110111011111011
01000111011101101110101000110100011110110101000111011101
01000111011101111000110111100100011010001110111011111101
10111110100011101110100000001011110010001111101110100011
10111010100011101110101000110001100111010010111010100011
01000111011101101110110111010010000101110110111011011101
01000111011101010001100100011011101001110110111011011101
01000110100011010000010111011011101010001111001000100011
01000110100011101110101000110100011110000010111011011101
01000111011101110010010111010100000101110100110010011001
10111010100011101110110111010100011010001101000111011101
01000111011101010001101000110001010010001110111010100011
01000000011000010001101000110100011101110111100001100100
01000110100011111100000110111011101111010011011101100010
10111011011101101110101000110011001101110101000110100011
01000101111001101110110111010100011010001101000110100011
00100101101011010001101000110011100010001101000110100011
10111011011101110011010111011011101101110110111010000001
01000111011101001100011010010100011101110110111011011101
01000110100011101110111001100001101101110101000110100011
01000111011111010001101000111110111101110110111011011101
00100110100011010001111110000100011101110101000111101111
00110000100011110100111101110001111010001110111011011101
01000111011101010001101000110100011101110101000110100011
10111011011101101110110111010100011010001101000111011101
01000111011101001111101000110100011001001110111011011101
01000110100011001010101000110100011101110101000110100011
01000110100011010001101000111011101110100110111011011101
01000110011110001110011000100100011101110101000110011110
01000110100011101110110111010100011010001101000110011001
01000111011101010001100011010100011010001100111110100011
01000110100011001100000101100100011000100001000111011101
01000110100011010001101000110100011010001110111011011101
01000110100011010001101000110100011110101101000110100011
10111011011101101110110111010100011010001101000110100011
01000111101010010001101000110010001010001101000110100011
01000110100011010001100101010011101010001101000110010100
10111011011101110001011110001011101110010010111011011101
01000111011101010001110111110100011101110101000110100011
01000110100011101110110111010011001010001101000110100011
10111010100010101110110111011011101101111100000001101000
00101011011101010001110111010100011101110100101111011101
01000110100011110000110111010011001010001110111011011101
10111010100011101110110111011011110001111110111011100111
10111010100011101110101000110100011101110101000111011101
01000111011101101110110111010011010010001110111011011101
10111010100011101110111011011011101010001110111011011101
00111001011101010001110111011111100010001110111010100011
00111110100011101110101000000100011101110110111011011101
11001100100011001100100110001100010001111011000001011101
10111011011101101110101000110100010110001000010101011101
01000111011101101110111011010100011010001111000010100011
10111010100011101110111000111011101010001101000110100011
01000111011101010001110111011101100101110110111010100011
10111011011101010001110111010100011101110110111011011101
10111011011101010001101000111011101000110111000101011101
11100101011101101110101000110100011101110100110101011101
10111010100011010001101000111011101110101001000111011101
10111011011101101111011111111011101101110101000110100011
01000111011101101111101000110000000110100110111010100011
01000111100101101110101000111100001010001100111100100011
10111010100011010001110111011101001101111010111010100011
10111011011101010001110111010100011110000010111010100011
01000110011101101110110111010100011110100110111010100001
01000111011101000111101000111011101000111001000111100100
01000110100011010001110111011011101101110100000101101000
10111011101100001001110111010100011001100010111011011101
10111011011101010001101000110100011101110101000110100011
11000011011101110011110111010100011010001101000111011101
10111010100011101110111111111011101101110101000111011101
10111010010100101110100101101011101101110101000110100011
01000101011101101110101000111011101101110110111011011101
00101111011101110000001000111011101010001110111011011101
10111010100011010001110111011011101001100111000100100011
01000110100011101110101000110100011101110110111010100011
00111101011101101110111000010011010101110110111010001111
01000111011101010001101000111011101010001100101101100001
10111011011101101110101000110100011010001110111010100011
10111010100011010001101000110100011101110110111011011101
11001011011101101110110111010100011101111101000110100011
01000111011101010001101000111011101101110110111100100011
11001011011101101110100111011011101001100001000010100011
10111010000000001000010111011011101110001010111011101111
11010101011101010001110111010100000101110101000110010000
10111111011101010001101000111011101101110110111010100011
10111011011110111000001000111100110010001101000111011101
10111010100011010001111001011011101101110101000111011101
01000110010110101110101000111110001101110101000110100011
01000111011101110110101000111110100101110111001110100011
01000111011101110001001000101011101010001101000111011101
00110001011101110110101000110100011010001110111010100011
10111010100011010001101000110100011101110110111010100011
10111011101001101110110111010100011101110110111010100011
10111010100011101110110111010100011101110111011000100011
01000111101010010001101000111011101001001001000110011101
00100010100011010001110111011011101110110110111011101110
01000110001101101110101000111011101010001110111011011101
01000111011101101110101000110100011110010001000110010100
00010101011101101110111010000011010010001101000111011101
01000111011101001011100101010100011010001111000010100011
00111000100011010001101000110100011101111010111010100011
10111011111111101110110111010100011101110110111011101010
10111010100001110100110111010100011101110101000110010000
10111010010101101110110111011111110001010101000110100011
11000100010111101110110111011011101101110110111011101001
10111010100011101110101000111011101010001110111011011101
10111110011011010001111001101011101001110110111011011101
10111011011101001011010111011011101010001110111011011101
10111011011101001111011000111011101010001110111010100011
10111011101000010001111000101011111010001101000111100000
10111011011101010001110111011011101101110101000111011101
01000110010011101110101000111100101101110101000111011101
01000111011101101110101000111011101101110100101111011101
00101001011101101110101000111011101101110101000111011101
10111010001000010001110111010100011010001110111010100011
11000001011101010001101000110100011101110111000010100011
11101011100010101110110111010011100101111010111010100011
01000111011101000101101000111011101010001101000111011101
00111000100011000111010111011011101101111001000110100011
01000110100011101110101000111011101101110110111011011101
10111010100011010001110111010100011101110101000000100011
01000110100011110001110111100100011010001101000111011101
01000111011101010001101000110100011010001110111100100011
10111011100110101110110111011011101010001101000111011101
00000010100011101110101000110100011010001110111011011101
10111010010111001111001000110100011101110101000110100011
01000110100011010001101000111011101101110110111101100010
10111011011111101110101000111011101010001110111010100011
10111010011011010001110111011011101010001101000110100011
01000110100011110010001000110100011010001101000110100011
01000111101011101110110111011011101110000010111010100011
10111010100011101110100100011100011010001101000011011101
00111101011101101111001000110100011010001110111010100011
11000100100011010001101000110100011101110110111011011101
00100000100011010001101000011101011001111110111010100011
11000111011101111000101000110100011101110110111010100011
10111010100011010001101000011011101010001101000110011110
10111011111101101110101000110100011010001101000110011110
00110011011101101110110111011100101111001110111010011111
10111010100011101110101000111100100001110101000110100011
10111010100011010001110111011011101101110110111010100000
10111011011101010001111000110011110101110111000001011101
10111011011101010001101000111100011010000111001000100011
01000110100011010001110111011011101010001100011001011101
11000011111100010001110111011110100110110101000111101011
00100110100011101110100111001011101110100001000110100011
10111010100011010001110111010100011010001101000111011101
00111110011011101110110111011011101101110101000111011101
01000111011101001101111000000100011010000111110000100001
01000110100011101110110111011011111010001101000111011101
10111010100011101110100111000100011010001110111011101001
10111010100011010001101000110100011101110101000111011101
10111011011101101110111001000100011010001110111011011101
10111010100011101110110111011011101001010110111010011110
01000111011101010001110111011011101010001101000110100011
10111011011101010000110111011011101110111111100111111000
01000110100011101110101000111011101010001110111011011101
01000111110010110010001000110100011101110101000111011101
10111010001010010001100100001011101110010001000111011101
00000000100011010001110111010100011010001110111010100011
10111011011101010001101000110011100101110110111010100001
01000110100011010001101000111011101010001101000110100011
10111011011101101110101000110100011010001100110001101000
01000111011101101110111001101011101110000100010100011111
01000111011101010001110111010100011010001101000110100011
00111100100011101110110111011100001110001110111010100011
00110001100101010001110111010100011101110110111011111000
01000110100011101110110111010100011110101100111111011101
10111010100011101110110111010100011010001110111011011101
00000101101110010001101000110100011101110100111111011101
10111011011101101110110111010100011010001110111011011101
10111010011110101110110111011011101001110010111011011101
11011100011011101110101000110100011101110101000110100011
10111010100011010001101000111100111101110110111011011101
10111011011101110011101000111100111010001110111011011101
10111010100011010001110111011011101010001110111010100000
10111011011101010001111001101011101001100101000110100011
10111011011101010001110111011011101110000110111010010001
01000110100011101110100101001011101010001101000111100001
10111110100011010001110111011011101101110100111111011101
01000110100011101110101000111011101101110101000111011101
10111010100011010001110111010011001010001110111010011001
01000110011001101110110111011011101010001101000111011101
10111010100011101110101000110100011010001110111010100011
00010001011101101110110111011011111010001101000101011101
10111010100011110011001000110011000010001110111011110000
01000111011101101110110111011011101001110110111010100011
10111010100011101111001000110011100101110110111011011101
10111010100011001111001000111100000010001110111010100011
10111011011101101110101000110100011111000110111011011101
11000000100011010001101000111011101010001110111010100011
01000110100011010001110111011011101010001101000110100011
11010111100001010001110111011011101101110111001110100011
01000110100011111011101000111011101010001101000110100011
01000111011101101110101000110100011010001101000111101111
01000111011101101110110111011011101101110101000111011101
00101011011101010001111011010100011010001111000010100011
10111011011101010001101000110011001101110110111010100011
11011001011101101110110111010100011101110110111011011101
10111010100011101110110111110011110101110101000111011101
00111111011101010001101000111011101111011001000110010011
10111011011101110110101000111011101101110110111011100001
01000111101100101110101000111011101010001111001101011101
00011101011101101110100011000100011101110101000110100011
10111010100011010001101000111011101101110110111010100010
00101110010101010001111100010011011101110110111010100011
01000100100011101110111000000100011101110110111010100011
01000111011101010001101000111011101001100001000110100011
10111011100001110010101000110010110010001101000111011101
11101000100011010001101000110100011000011110111011011101
01000110100011000011101000110100011101110101000110100011
01000110011011010001101000111011101101110100000000100011
10111011100100101110101000111101100010001101000110100011
01000111011101101110101000100100011010001101000110100011
10111010011100000111001000110100011010001101000110100011
10111011011101101110110111011011101101110110111010010111
01000111011101010001011001100001111101110110111010100011
10111101011101010001101000111100000010001100101110100011
01000110100011010001110111011011101101110110111011011101
10111011011101010001111000000001101101110101000111011101
11001011011101010001101000111100100101110101000110100011
01000110100011010001111000100100011010001101000111011101
01000111110111101110110111011011101101110101000111111001
10111010100011101110100110101011101101110101000110011110
10111010100011010001111101100100000010001101000111011101
10111011100001010001100110000100000010001111110001011101
10111011011101101110110111011100011010001110111010100011
01000111011101010001110111011011101010001100100011011101
10111011011101010001110111011101001101110101000000100000
01000110100011111101101000111011101110110010111011011101
11011010011111001110110111010100011101111101000111100111
10111011100101001010101000111011110101111001000111011101
00110110100011010001110111010100011010001110111010100011
01000110100011111100110111011100101010001101000001011101
01000111011101010001111011011011101101110101000110100011
10111011011101010001110111010100011010001100100011011101
10111011100001010001101000110100011010001111000111011110
00111100100011010001101000110100011101110101000111011101
01000110100001001101100111001111100101110100011011011101
11011010001011101110101000111011101110000101000100100011
10111010100010010001110111010100011010001101000110011100
10111011100011010001100110100100011001100001000110100000
10111011011101101110110111011011101101110110111010100011
10111010100011101110100100011011101010001101000111011101
10111010100011010001110111011011101101110100111110100011
01000110100011101110101000111011101101110110111011011101
00110101011101101110101000111011101010001110111010100011
10111010100011001111111000001011101010001101000111100100
01000110100011101110101000110100011010001111001010100011
10111010010111010001101000110100011101110110111010010000
01000110100011000011101000001011101010001100110011100010
10111011011111101110100110000100011010001110111010100011
01000111011101101110110111011011101000000101000110100011
10111010100011110010101000110010000010001101000010100011
00100111011101101110110111011011101101110111111100100011
01000111011101010001110111010001000101110110111011011101
10111011011101010001101000011011101010000010111010011001
11001001011101101110101000110100011101110110111011011101
01000111011101101110110111010010010101110101000111011101
01000111011101010001101000111100100101110101000100100011
10111011011101101110101000001011101101110110111010100011
10111010011011001011110111010100011101110111010101011101
01000110100011101110110111010010110110100101000110100011
00011001011101010001101000111011101101110110111010100011
10111011011101101110101000111011101010001001000111011101
01000111011101101110100101110100011001001110111011011101
10111010100011010001101000110011000101110101000110100011
01000110100011010001100011101011101101110110111010100011
00101100100011010001110111010010000101110110111100100011
10111011011101010001101000111011101010001101000110100011
10111011011101101110101000110100011010001101000110100011
10111010100011010001101000110011110001111101000111110110
10111011011101101110110111011011101101110101000110100011
10111010100011101110101000111011101101110111000100100011
01000111011101101110101000111011101010001101000110100011
10111010010000010001110111011011101101110110111011011110
01000110100011101110101000111011101010001110111010100011
01000111011101101110101000110100011111011110111010100010
11000100100010010001001000111011101010001101000111011101
10111011011101101110101000110011100010001111000110100011
10111010011100010001100010110011011110101110111010010000
01000110010000010001101000111011101010001101000110100011
01000110100011010001110111011011101101110110111010011101
00110010001111101110101000111011101010001101000110100011
00110011011101101110101000110001111001100000110100100011
10111010100011010001101000110100011010000001000111100000
01000110100011010001101000110100011001111010111010100011
01000110100011010000001000110100011101110110111010010101
00111010100011010001101000111011101010001100011000100011
10111011100011101110101000110100011010000001000110100011
10111010100011010001101000110100011010001101000110100000
01000110100011001000101000110011011010001101000110100011
10111011011101101110111100011011101101110110111010010101
10111010011010101110100100101011101010001101000110100011
01000111011101101110101000110011100010001101000110100011
00110111011101101110110111011011101101110110111010000010
10111010011110110101001000111011101010001111100000100011
01000111011101101110101000110011000110001111000100100011
01000111011101101110111011010100000101111010111011011101
00011011011101010001101000111101110010001110111010100011
10111011011101101110101000110100011101110111111010100011
01000111011101101110110111010100011101110111010011100101
11010010010101101110110111010100011101110100111100100011
01000111011101010001101000111011101101110110111010100011
00111110011000010001110111010100010101110110111011011101
10111011011101010001100110101011101000111010111011011101
10111011011101101110101000110100011101110100110010100011
01000111011111101110110111010011000010001101000111101100
11100100100011110010110111011011110101110101000110100011
10111010100011101110101000111100010101110110111010100011
10111010100011001101010111010100011110000010111011101111
10111011011101010001101000111100010001101110111011011101
01000110100011010001110111011011101010001110111010100011
10111011011101001001110111011011101010001101000111111011
10111011011101010001110111101011101101110100111000011101
10111111110011001001111001010100011010001101000111011101
01000110100011101110110111011011101101110101000111011101
10111010100011101110101000111011101101110101000111111011
01000011101111101110101000111100101111101001000111100001
10111010100011010001110111010011011010001110111011011101
01000010011101111010010111101011101001010010111010100011
10111010100011101110101000110100011101110110111010100011
10111010011101010001101000111011101010001101000111011101
10111011011101110011111111000100011000111110111011011101
01000111011101101110110111011011101010001110111010100001
00110101011101010001111000011011101001001101000110100011
10111011011101001100110111011110010110001011110000100011
10111011111101010001110111010100011101110110111011011111
01000110011001101110110111010100011101110101000111011111
01000111011101010001101000111011101110000100111111110100
11011111101000101110101000111011101101110101000111100110
10111010010110010001110111010011110001110110111101011101
10111011100001010001100110100100011101110101000110100011
01000110100011010001100110001011101101110110111010000111
10111011011101111110001000111011101010001101000111110000
10111010100011010000010111101100000111000000011110100011
10111011100001010001110111010011101010001101000110011101
01000110000100101110110111011100011101110110111010100001
10111010100011101110101000111011101010000101000111011101
10111010001110010001110111011011101101110101000111011101
10111011011101010001110111010100011010001111000011011101
01000110001011110010010111011011101010001110111010100011
01000011011101010001111000101011101010001101000111100011
10111011011101010001110111011011101101110101000111011101
10111011011101010001110111010100011010001111010101011101
10111011011101010001100111000100001101110101000111011101
01000110100011010001101000111110000101110101000111011101
10111011011101101110101000111011101101110101000111011101
01000111100010110101001000111011101101110101000110100011
11110010100011010001110111010100011010001101000110100011
01000110100011101110110111011100010101110110111100011111
01000111011101010001110111010100011101110110111010100011
10111011011101010001101000111011101010001101000111110011
10111011011101101110101000110100011000111110111011100101
11011100100010001100000101000100011110100101000111011110
01000110100011010001101000111011101101110101000110100011
11010111011101101110101000111011111101110110111010011001
01000111011101101110101000111011101010001101000110100011
01000111011101101110100110100011010010001101000110011011
01000101011101110111110111011011101101110110111010100011
01000111011101010001111000010100011101110110111010100011
01000110100011110010010111110001001101110110111010100011
11010110100011101110111001000100011110001010111011011101
10111010100011101110110111110100010110101101000111011101
10111010100011101110111100110100011001100010111011100110
10111010100011101110110111111110110010001110111011110111
01000111011101010001110111011011101001001111011011011101
10111011100110001101010111011011101010001110111011011101
10111011011110010001110111011011101010001111110001011101
00011110100011110000101000110100011110100000111111011101
11000110100011010001100111001011101101110101000111011101
10111011011101101110101000111011101101110101000111011101
11010100100011010001110111010100011010001110111100100011
01000110100011101110111010011011101010001101000110100011
00110111100001010001111010101110011101110110111010100011
01000110100011110101101000111011101010001001000111011101
01000110001000101110101000110100011010001110111011011101
11000000100011010001101000110100011111010000100111011101
11000011100000110010111001100100011010001110111010100011
01000111011111010001101000110100011110010010111010100011
01000110100011010001100111111011101010001101000110100011
01000110100011010000110111011011101110000110111011011101
11100011011101010001110111010011111101110100110010100011
01000110100011101110111010010100011010001101000110100011
01000111011101010001100011100100001010000100100011011101
11101011011101101110110111101011101101110101000111011101
01000110000101010001110111010100011001010010111011011101
10111011011101010001101000110100011110110001000110100011
00110000100011010001101000111011101101110110111011011101
01000110100011001101010111010100011101110101000111011101
10111011011101010001101000111011101101110101000110100011
01000110100011010001110111010100011010001101000110010000
10111011011101010001101000110100011010001100101111011101
10111011011101110100110111011011101101110101000110100011
01000111011101010001110111010100011010001101000111011101
01000110100011110001010111011111100101110100011110100011
10111010010110101110100100101011101101110110111011011101
11001100100011010001010111010100011101110101000111011101
00100100100011101110110111010100001010001110111011100001
10111010100011101110110111011011101010001011000100100011
01000111011101010001110111011011101010001101000111011101
01000110100011110001101000110100011010001110111011011101
00110011101001101110111010011011101010001111001111011101
10111010100011110001101000110011100110111001000111011101
10111011011101101110110111010100011010001110111010100000
10111011101010010001101000110010000101111010111011011101
11010010100011010001101000111011101001010010111010100011
01000111011101101110101000110001110101110110111011011101
00111011011101110001110111010100011111001001000110100011
01000110100011101110110111010100011010001101000110100011
00111110100011111000010111011011101101110110111010011100
01000111011101010001110111010100011101110100001011011101
01000111100001010001101000111011101010001110111011011101
01000110100011001011010111011011101010001110111011101100
01000110011010110010101000110100011110101000111011011101
10111010100011111100000011011011101101110101000110100011
10111010100011010001010111010100011010001100111001011101
01000111101000010001101000110100011010000010111010010100
10111011011110101110110111011011101010001101000110100011
10111100100011101110101000110011101010001101000111011101
01000111111001101110110111011011101101110101000000100011
11000000100011110111100111101011101101110110111011011101
11000011011101101110101000111011101001011011011100001000
01000111011101101110100111100100010101110110111111011101
10111010010110010001101000111011101001010110111010100011
00111011011111101110101000110100011101110111000010100011
11000101101001110001010111010100011110001110111010100011
01000111011101010001100100001100011010001101000110100011
